1 0.37812500000000004 0.884375 0.15625 0.20208333333333334
1 0.5625 0.775 0.184375 0.21666666666666667
1 0.7367187500000001 0.6572916666666666 0.1203125 0.17708333333333334
1 0.7515625 0.85625 0.146875 0.17916666666666667
1 0.8445312500000001 0.8697916666666666 0.1046875 0.15208333333333332
1 0.9328125 0.7270833333333333 0.134375 0.21666666666666667
1 0.25390625 0.459375 0.1484375 0.22708333333333333
1 0.08828125 0.8010416666666667 0.1484375 0.22708333333333333
1 0.1125 0.6354166666666666 0.153125 0.2125
1 0.28359375000000003 0.671875 0.1640625 0.19791666666666666
1 0.22031250000000002 0.7833333333333333 0.140625 0.1625
1 0.33828125000000003 0.34270833333333334 0.1484375 0.22708333333333333
1 0.5828125000000001 0.11354166666666667 0.16562500000000002 0.22291666666666665
1 0.90234375 0.22083333333333333 0.1453125 0.24166666666666667
1 0.22031250000000002 0.16666666666666666 0.19375 0.225
0 0.58359375 0.453125 0.31093750000000003 0.48541666666666666
