1 0.8773437500000001 0.4875 0.1640625 0.2375
1 0.7898437500000001 0.10729166666666666 0.1796875 0.21041666666666667
1 0.6195312500000001 0.6583333333333333 0.1765625 0.22916666666666666
1 0.45546875000000003 0.8697916666666666 0.1640625 0.22291666666666665
1 0.27421875 0.865625 0.1640625 0.22291666666666665
1 0.29609375 0.203125 0.1640625 0.22291666666666665
1 0.42031250000000003 0.425 0.178125 0.22916666666666666
1 0.796875 0.6760416666666667 0.1625 0.20625
1 0.7296875 0.7947916666666667 0.1625 0.20625
0 0.13828125 0.37916666666666665 0.2734375 0.5083333333333333
