1 0.321875 0.33125 0.15625 0.19583333333333333
1 0.34218750000000003 0.8864583333333333 0.15937500000000002 0.21458333333333332
1 0.43593750000000003 0.5333333333333333 0.12812500000000002 0.11666666666666667
1 0.796875 0.42916666666666664 0.16875 0.1875
1 0.91953125 0.7427083333333333 0.1609375 0.23958333333333334
1 0.1921875 0.21666666666666667 0.19375 0.17083333333333334
1 0.0890625 0.9375 0.15625 0.125
2 0.09765625 0.3208333333333333 0.0765625 0.10416666666666667
2 0.47421875 0.4239583333333333 0.0703125 0.08958333333333333
2 0.94453125 0.9114583333333334 0.060937500000000006 0.07708333333333334
2 0.8234375 0.746875 0.0625 0.07708333333333334
0 0.17500000000000002 0.565625 0.30312500000000003 0.3770833333333333
