1 0.22265625 0.11666666666666667 0.1609375 0.22083333333333333
1 0.21875 0.42604166666666665 0.15000000000000002 0.22708333333333333
1 0.8203125 0.2125 0.17500000000000002 0.2
1 0.6765625000000001 0.7583333333333333 0.17500000000000002 0.2
1 0.22109375 0.85625 0.13593750000000002 0.18333333333333332
1 0.09296875 0.1625 0.13593750000000002 0.18333333333333332
1 0.51953125 0.7395833333333334 0.13593750000000002 0.18333333333333332
1 0.89765625 0.921875 0.1640625 0.14791666666666667
0 0.790625 0.5447916666666667 0.22187500000000002 0.28125
2 0.7585937500000001 0.3229166666666667 0.0671875 0.07916666666666666
