1 0.32578125 0.8645833333333334 0.1640625 0.19166666666666665
1 0.8968750000000001 0.5541666666666667 0.18125000000000002 0.22083333333333333
1 0.9171875 0.7875 0.16562500000000002 0.22916666666666666
1 0.796875 0.71875 0.16562500000000002 0.22916666666666666
1 0.6609375000000001 0.8125 0.19062500000000002 0.225
1 0.2625 0.334375 0.16875 0.22291666666666665
1 0.23828125 0.578125 0.17343750000000002 0.2604166666666667
1 0.71015625 0.11875 0.16718750000000002 0.23333333333333334
1 0.2921875 0.075 0.15937500000000002 0.14583333333333334
1 0.415625 0.20104166666666667 0.203125 0.24375
0 0.58203125 0.5114583333333333 0.3140625 0.45208333333333334
2 0.3125 0.6447916666666667 0.059375000000000004 0.09375
