1 0.23046875 0.60625 0.16718750000000002 0.18333333333333332
1 0.13828125 0.9083333333333333 0.16718750000000002 0.18333333333333332
1 0.47734375 0.14479166666666665 0.16718750000000002 0.18541666666666667
1 0.8148437500000001 0.803125 0.17343750000000002 0.2520833333333333
1 0.67578125 0.2520833333333333 0.17343750000000002 0.25416666666666665
1 0.7039062500000001 0.9166666666666666 0.16718750000000002 0.16666666666666666
1 0.178125 0.3697916666666667 0.15000000000000002 0.16041666666666665
1 0.23828125 0.165625 0.1765625 0.23541666666666666
1 0.8046875 0.31979166666666664 0.140625 0.24375
1 0.26875 0.3645833333333333 0.146875 0.175
1 0.06484375 0.6875 0.1265625 0.2583333333333333
0 0.43515625 0.7 0.37031250000000004 0.46249999999999997
