1 0.45078125 0.7604166666666666 0.1703125 0.24166666666666667
1 0.75390625 0.6020833333333333 0.2109375 0.2916666666666667
1 0.19296875000000002 0.3833333333333333 0.1703125 0.24166666666666667
1 0.53515625 0.10208333333333333 0.1703125 0.2
1 0.946875 0.7958333333333333 0.10625000000000001 0.21666666666666667
1 0.24609375 0.8937499999999999 0.1765625 0.2125
1 0.16718750000000002 0.12083333333333333 0.153125 0.20833333333333334
0 0.5640625 0.41354166666666664 0.34375 0.4479166666666667
2 0.24921875000000002 0.14583333333333334 0.0546875 0.07083333333333333
2 0.89765625 0.54375 0.07968750000000001 0.1
