1 0.23984375000000002 0.6333333333333333 0.1453125 0.225
1 0.5359375000000001 0.859375 0.203125 0.22708333333333333
1 0.74609375 0.234375 0.1609375 0.21041666666666667
1 0.5109375 0.25 0.19062500000000002 0.2125
1 0.340625 0.25 0.17500000000000002 0.22916666666666666
1 0.8500000000000001 0.6302083333333334 0.1625 0.21875
1 0.925 0.4822916666666667 0.15000000000000002 0.23124999999999998
1 0.109375 0.4864583333333333 0.203125 0.22708333333333333
2 0.19921875 0.8291666666666666 0.11406250000000001 0.125
0 0.5734375 0.534375 0.290625 0.38958333333333334
