1 0.6820312500000001 0.34375 0.1921875 0.20833333333333334
1 0.5296875 0.6833333333333333 0.1875 0.26666666666666666
1 0.78671875 0.5166666666666666 0.1765625 0.24583333333333332
1 0.29453125 0.8156249999999999 0.2109375 0.21041666666666667
1 0.059375000000000004 0.359375 0.115625 0.29791666666666666
1 0.6062500000000001 0.13333333333333333 0.203125 0.24166666666666667
1 0.77265625 0.125 0.1328125 0.24583333333333332
1 0.9234375 0.66875 0.153125 0.2583333333333333
1 0.9296875 0.371875 0.140625 0.22708333333333333
1 0.9320312500000001 0.08958333333333333 0.13593750000000002 0.175
1 0.5710937500000001 0.8927083333333333 0.1859375 0.21458333333333332
2 0.8140625 0.3572916666666667 0.046875 0.06458333333333333
2 0.6429687500000001 0.5010416666666666 0.08281250000000001 0.09791666666666667
0 0.42812500000000003 0.375 0.30625 0.36666666666666664
