0 0.64375 0.7708333333333334 0.25625000000000003 0.2833333333333333
2 0.62265625 0.259375 0.0734375 0.08958333333333333
2 0.7914062500000001 0.428125 0.0734375 0.08958333333333333
1 0.6609375000000001 0.4125 0.1875 0.2375
1 0.521875 0.45416666666666666 0.1875 0.2375
1 0.4296875 0.575 0.1875 0.2375
1 0.24531250000000002 0.8166666666666667 0.1875 0.2375
1 0.1015625 0.6645833333333333 0.1875 0.2375
1 0.171875 0.5958333333333333 0.1875 0.2375
1 0.08203125 0.31145833333333334 0.1609375 0.19791666666666666
1 0.19375 0.303125 0.1625 0.19791666666666666
1 0.8953125000000001 0.3260416666666667 0.1625 0.19791666666666666
1 0.9539062500000001 0.30625 0.0921875 0.19583333333333333
1 0.6664062500000001 0.08020833333333333 0.15156250000000002 0.15625
1 0.41171875 0.11666666666666667 0.1703125 0.22916666666666666
1 0.253125 0.09166666666666666 0.140625 0.17916666666666667
1 0.94296875 0.8416666666666667 0.11093750000000001 0.2375
1 0.35625 0.29375 0.1875 0.2375
1 0.4390625 0.8708333333333333 0.1875 0.2375
