1 0.275 0.10208333333333333 0.19062500000000002 0.2
1 0.30625 0.9166666666666666 0.18125000000000002 0.16666666666666666
1 0.92734375 0.6135416666666667 0.1453125 0.21875
1 0.09375 0.309375 0.184375 0.17291666666666666
1 0.38125000000000003 0.3802083333333333 0.19062500000000002 0.20208333333333334
1 0.1953125 0.7760416666666666 0.19062500000000002 0.20208333333333334
1 0.4765625 0.746875 0.178125 0.21458333333333332
1 0.86484375 0.16875 0.1859375 0.24583333333333332
1 0.925 0.33229166666666665 0.1375 0.20208333333333334
2 0.4390625 0.22395833333333334 0.05625 0.07708333333333334
0 0.7015625000000001 0.7395833333333334 0.325 0.37916666666666665
