1 0.36328125 0.7614583333333333 0.19843750000000002 0.16458333333333333
1 0.43515625 0.503125 0.1953125 0.22708333333333333
1 0.21250000000000002 0.35 0.134375 0.16666666666666666
1 0.234375 0.6322916666666667 0.140625 0.24375
1 0.08828125 0.43854166666666666 0.1609375 0.20208333333333334
1 0.09453125000000001 0.6197916666666666 0.1796875 0.18958333333333333
1 0.55703125 0.5635416666666666 0.1796875 0.18958333333333333
1 0.68125 0.5802083333333333 0.19375 0.20625
1 0.34375 0.9322916666666666 0.1875 0.13541666666666666
2 0.73203125 0.86875 0.0546875 0.07083333333333333
2 0.6351562500000001 0.9520833333333333 0.07968750000000001 0.07083333333333333
2 0.875 0.8291666666666666 0.08125 0.11666666666666667
2 0.7640625000000001 0.9395833333333333 0.08125 0.09583333333333333
2 0.67890625 0.16145833333333334 0.07968750000000001 0.07708333333333334
2 0.13515625 0.1875 0.0484375 0.058333333333333334
0 0.11171875 0.8447916666666666 0.20468750000000002 0.3104166666666667
