1 0.6664062500000001 0.13333333333333333 0.1640625 0.2
1 0.8304687500000001 0.14583333333333334 0.1640625 0.2
1 0.67734375 0.4 0.1640625 0.2
1 0.42265625 0.803125 0.1765625 0.21875
1 0.31015625 0.6 0.1859375 0.25416666666666665
1 0.28828125 0.225 0.1484375 0.20833333333333334
1 0.77890625 0.8375 0.1859375 0.25416666666666665
1 0.6843750000000001 0.9291666666666667 0.15937500000000002 0.1375
1 0.88984375 0.5416666666666666 0.1859375 0.16666666666666666
1 0.11171875 0.18854166666666666 0.18281250000000002 0.26458333333333334
1 0.4265625 0.08645833333333333 0.140625 0.16875
1 0.32343750000000004 0.765625 0.184375 0.18958333333333333
1 0.609375 0.7864583333333334 0.16875 0.23541666666666666
0 0.446875 0.3958333333333333 0.31875000000000003 0.4375
