1 0.1171875 0.5583333333333333 0.153125 0.2125
1 0.28125 0.575 0.153125 0.2125
1 0.1765625 0.3458333333333333 0.153125 0.2125
1 0.06484375 0.33958333333333335 0.1265625 0.20833333333333334
1 0.48828125 0.46249999999999997 0.1484375 0.20416666666666666
1 0.35781250000000003 0.3677083333333333 0.19687500000000002 0.18958333333333333
1 0.30781250000000004 0.209375 0.184375 0.15208333333333332
1 0.14375000000000002 0.08541666666666667 0.18125000000000002 0.16666666666666666
1 0.8234375 0.225 0.203125 0.225
1 0.6375000000000001 0.078125 0.19687500000000002 0.15208333333333332
1 0.46640625 0.25416666666666665 0.15781250000000002 0.2125
1 0.7375 0.5 0.1625 0.24583333333333332
1 0.828125 0.45416666666666666 0.1625 0.2125
1 0.184375 0.875 0.153125 0.2125
1 0.6640625 0.7166666666666667 0.153125 0.2125
0 0.4453125 0.796875 0.35625 0.40625
