1 0.6804687500000001 0.26979166666666665 0.19843750000000002 0.27291666666666664
1 0.7546875000000001 0.6604166666666667 0.19375 0.20833333333333334
1 0.2390625 0.46249999999999997 0.18125000000000002 0.2
1 0.540625 0.4979166666666667 0.16562500000000002 0.1875
1 0.6125 0.075 0.2 0.14583333333333334
1 0.2171875 0.22395833333333334 0.15937500000000002 0.21041666666666667
1 0.9164062500000001 0.15520833333333334 0.1640625 0.21875
1 0.83203125 0.33541666666666664 0.1546875 0.25416666666666665
1 0.8984375 0.928125 0.14375000000000002 0.14375
1 0.33984375 0.11041666666666666 0.1390625 0.20833333333333334
2 0.17500000000000002 0.890625 0.078125 0.08958333333333333
0 0.52265625 0.778125 0.3921875 0.44375
