1 0.42734375 0.275 0.1859375 0.2125
1 0.58984375 0.21562499999999998 0.1421875 0.19791666666666666
1 0.6117187500000001 0.42604166666666665 0.1421875 0.19791666666666666
1 0.7195312500000001 0.6010416666666667 0.1421875 0.19791666666666666
1 0.3359375 0.33541666666666664 0.125 0.16666666666666666
1 0.77734375 0.9083333333333333 0.1546875 0.18333333333333332
1 0.49140625000000004 0.9041666666666667 0.1796875 0.19166666666666665
1 0.09921875000000001 0.9041666666666667 0.1796875 0.19166666666666665
1 0.8617187500000001 0.209375 0.1796875 0.20625
1 0.6898437500000001 0.084375 0.2078125 0.16458333333333333
1 0.92890625 0.8145833333333333 0.1421875 0.2125
1 0.9460937500000001 0.55625 0.1078125 0.275
1 0.15000000000000002 0.303125 0.178125 0.25625
1 0.1234375 0.7072916666666667 0.178125 0.25625
0 0.2765625 0.6229166666666667 0.2 0.2791666666666667
2 0.49375 0.4458333333333333 0.06875 0.08333333333333333
2 0.4109375 0.5791666666666666 0.06875 0.08333333333333333
1 0.80234375 0.5802083333333333 0.1015625 0.17708333333333334
