1 0.16796875 0.7479166666666667 0.1703125 0.22083333333333333
1 0.05390625 0.546875 0.1046875 0.24791666666666667
1 0.33828125000000003 0.34791666666666665 0.1703125 0.22083333333333333
1 0.25859375 0.290625 0.17343750000000002 0.23958333333333334
1 0.309375 0.09375 0.146875 0.18333333333333332
1 0.453125 0.09375 0.146875 0.18333333333333332
1 0.8765625 0.5302083333333333 0.1625 0.20208333333333334
1 0.8296875 0.31979166666666664 0.1625 0.20208333333333334
1 0.6687500000000001 0.396875 0.1625 0.20208333333333334
1 0.46718750000000003 0.596875 0.19062500000000002 0.21458333333333332
1 0.36484375 0.5489583333333333 0.1796875 0.21458333333333332
1 0.32343750000000004 0.8010416666666667 0.153125 0.26875
1 0.53515625 0.8239583333333333 0.11093750000000001 0.24791666666666667
1 0.59921875 0.16041666666666665 0.2109375 0.31666666666666665
0 0.703125 0.7270833333333333 0.35000000000000003 0.42083333333333334
