1 0.28515625 0.6739583333333333 0.18906250000000002 0.22291666666666665
1 0.09765625 0.378125 0.18906250000000002 0.22291666666666665
1 0.46953125 0.19270833333333334 0.18906250000000002 0.22291666666666665
1 0.6375000000000001 0.26875 0.16875 0.20833333333333334
1 0.7671875 0.19375 0.16875 0.20833333333333334
1 0.83984375 0.3729166666666667 0.16718750000000002 0.2125
1 0.26484375 0.09791666666666667 0.1609375 0.19166666666666665
1 0.45156250000000003 0.4375 0.1875 0.1875
1 0.92578125 0.184375 0.1484375 0.19791666666666666
1 0.57578125 0.50625 0.17343750000000002 0.19583333333333333
1 0.4078125 0.575 0.171875 0.22083333333333333
1 0.35703125 0.8083333333333333 0.1484375 0.20833333333333334
1 0.7921875 0.54375 0.209375 0.14166666666666666
0 0.69140625 0.7510416666666666 0.24531250000000002 0.29791666666666666
2 0.45234375000000004 0.8958333333333334 0.0578125 0.07083333333333333
2 0.87265625 0.7572916666666667 0.0484375 0.06041666666666667
