1 0.33125000000000004 0.6270833333333333 0.18125000000000002 0.22916666666666666
1 0.2765625 0.40729166666666666 0.153125 0.18958333333333333
1 0.11406250000000001 0.09583333333333333 0.19375 0.1875
1 0.7976562500000001 0.16354166666666667 0.1546875 0.19375
1 0.80078125 0.7479166666666667 0.15781250000000002 0.2
1 0.534375 0.8104166666666667 0.171875 0.20833333333333334
1 0.11953125 0.5302083333333333 0.21406250000000002 0.22291666666666665
1 0.07187500000000001 0.3177083333333333 0.140625 0.18958333333333333
1 0.7601562500000001 0.55 0.15781250000000002 0.2
1 0.6570312500000001 0.15729166666666666 0.17343750000000002 0.20208333333333334
0 0.47578125000000004 0.34270833333333334 0.33906250000000004 0.4479166666666667
