1 0.19765625 0.734375 0.1640625 0.21458333333333332
1 0.38046875 0.7645833333333333 0.1234375 0.14583333333333334
1 0.0546875 0.6541666666666667 0.10625000000000001 0.22916666666666666
1 0.40859375000000003 0.36354166666666665 0.1453125 0.16875
1 0.6531250000000001 0.0875 0.16875 0.17083333333333334
1 0.2484375 0.271875 0.15937500000000002 0.22291666666666665
1 0.8453125 0.1 0.215625 0.19583333333333333
1 0.86875 0.8552083333333333 0.15625 0.21458333333333332
1 0.9359375000000001 0.5791666666666666 0.12812500000000002 0.2583333333333333
1 0.42031250000000003 0.9208333333333333 0.1375 0.15833333333333333
1 0.915625 0.334375 0.16875 0.21875
1 0.31171875000000004 0.103125 0.1953125 0.20208333333333334
1 0.66171875 0.8270833333333333 0.1953125 0.20416666666666666
2 0.1375 0.9291666666666667 0.06875 0.09166666666666666
0 0.64765625 0.5802083333333333 0.2421875 0.38958333333333334
2 0.11796875000000001 0.403125 0.0765625 0.07291666666666667
