1 0.69921875 0.225 0.1703125 0.225
1 0.6984375 0.8208333333333333 0.146875 0.18333333333333332
1 0.2265625 0.5979166666666667 0.2 0.2
1 0.596875 0.6520833333333333 0.1625 0.22916666666666666
1 0.08203125 0.78125 0.1609375 0.20833333333333334
1 0.4265625 0.6 0.15625 0.18333333333333332
1 0.37343750000000003 0.47291666666666665 0.1875 0.17916666666666667
1 0.2578125 0.190625 0.171875 0.24791666666666667
1 0.88984375 0.8895833333333333 0.1390625 0.22083333333333333
2 0.29453125 0.9052083333333333 0.0859375 0.14375
2 0.15937500000000002 0.4635416666666667 0.0625 0.08541666666666667
0 0.484375 0.8604166666666666 0.215625 0.26666666666666666
