1 0.1484375 0.540625 0.203125 0.19375
1 0.0671875 0.8989583333333333 0.13125 0.18958333333333333
1 0.1953125 0.775 0.1625 0.21666666666666667
1 0.8640625000000001 0.22395833333333334 0.178125 0.25625
1 0.63203125 0.253125 0.18906250000000002 0.3104166666666667
1 0.93359375 0.39791666666666664 0.1328125 0.23333333333333334
1 0.9171875 0.871875 0.16562500000000002 0.25625
1 0.6171875 0.603125 0.178125 0.25625
1 0.6265625 0.871875 0.178125 0.25625
1 0.42421875000000003 0.38645833333333335 0.2171875 0.30625
0 0.40234375 0.8166666666666667 0.3453125 0.36666666666666664
