1 0.11875000000000001 0.7833333333333333 0.178125 0.26666666666666666
1 0.5703125 0.8802083333333334 0.178125 0.23958333333333334
1 0.87421875 0.628125 0.1859375 0.23958333333333334
1 0.8390625 0.425 0.19687500000000002 0.22083333333333333
1 0.94140625 0.18541666666666667 0.1171875 0.2625
1 0.81015625 0.18958333333333333 0.1453125 0.24166666666666667
1 0.6390625000000001 0.11145833333333333 0.19687500000000002 0.21875
1 0.64765625 0.31354166666666666 0.18281250000000002 0.19375
1 0.43046875 0.2739583333333333 0.18281250000000002 0.19375
1 0.665625 0.5302083333333333 0.15000000000000002 0.20625
1 0.8078125 0.9114583333333334 0.15625 0.17708333333333334
1 0.37578125 0.9249999999999999 0.15781250000000002 0.15
1 0.31953125000000004 0.7583333333333333 0.17343750000000002 0.19583333333333333
1 0.1015625 0.34270833333333334 0.2 0.23124999999999998
0 0.48828125 0.5708333333333333 0.3296875 0.475
