1 0.1421875 0.628125 0.153125 0.24791666666666667
1 0.1609375 0.240625 0.153125 0.24791666666666667
1 0.3046875 0.6760416666666667 0.153125 0.24791666666666667
1 0.78828125 0.7697916666666667 0.17343750000000002 0.24375
1 0.39375000000000004 0.4114583333333333 0.1625 0.23124999999999998
1 0.40468750000000003 0.21458333333333332 0.16875 0.18333333333333332
1 0.90390625 0.5927083333333333 0.1546875 0.19375
1 0.43281250000000004 0.8916666666666666 0.178125 0.2125
1 0.28515625 0.9104166666666667 0.1546875 0.17916666666666667
1 0.61328125 0.3677083333333333 0.19843750000000002 0.19791666666666666
1 0.5398437500000001 0.08854166666666667 0.1703125 0.17291666666666666
0 0.56484375 0.6520833333333333 0.3609375 0.425
2 0.90625 0.734375 0.05 0.08125
