1 0.09765625 0.5947916666666666 0.1328125 0.17708333333333334
1 0.40390625 0.6270833333333333 0.1796875 0.16666666666666666
1 0.4859375 0.309375 0.2 0.27291666666666664
1 0.6015625 0.759375 0.1375 0.21041666666666667
1 0.20546875 0.3052083333333333 0.15156250000000002 0.19375
1 0.78125 0.6020833333333333 0.1375 0.22916666666666666
1 0.7875000000000001 0.075 0.1375 0.14583333333333334
1 0.24765625000000002 0.5322916666666666 0.19843750000000002 0.2520833333333333
2 0.17734375000000002 0.859375 0.2234375 0.28125
2 0.38828125 0.396875 0.0765625 0.09375
2 0.5789062500000001 0.4552083333333333 0.07968750000000001 0.08541666666666667
2 0.30625 0.10208333333333333 0.059375000000000004 0.0625
1 0.6796875 0.7697916666666667 0.1375 0.21041666666666667
1 0.2984375 0.32916666666666666 0.15625 0.225
