1 0.71640625 0.7354166666666666 0.18906250000000002 0.2625
1 0.325 0.63125 0.209375 0.2625
1 0.09453125000000001 0.4864583333333333 0.1859375 0.18541666666666667
1 0.06796875000000001 0.8885416666666667 0.1328125 0.22291666666666665
1 0.290625 0.14479166666666665 0.19062500000000002 0.22708333333333333
1 0.259375 0.3677083333333333 0.19062500000000002 0.22708333333333333
1 0.51875 0.9093749999999999 0.17500000000000002 0.17708333333333334
1 0.9085937500000001 0.11145833333333333 0.1328125 0.17291666666666666
1 0.65546875 0.16041666666666665 0.20468750000000002 0.2375
1 0.48828125 0.109375 0.1765625 0.21458333333333332
1 0.5875 0.6760416666666667 0.171875 0.22291666666666665
0 0.50625 0.40520833333333334 0.35625 0.4270833333333333
