1 0.503125 0.5072916666666667 0.1375 0.19791666666666666
1 0.6296875000000001 0.596875 0.1375 0.19791666666666666
1 0.8859375 0.328125 0.1375 0.19791666666666666
1 0.79296875 0.528125 0.18906250000000002 0.23124999999999998
1 0.38046875 0.31354166666666666 0.18906250000000002 0.23124999999999998
1 0.3375 0.5291666666666667 0.1625 0.22083333333333333
1 0.3796875 0.11041666666666666 0.1625 0.21666666666666667
1 0.22187500000000002 0.4666666666666667 0.1625 0.22083333333333333
1 0.8562500000000001 0.74375 0.1625 0.22083333333333333
1 0.5046875000000001 0.8145833333333333 0.1625 0.22083333333333333
1 0.32656250000000003 0.88125 0.1625 0.22083333333333333
1 0.08203125 0.7583333333333333 0.1609375 0.22083333333333333
1 0.24375000000000002 0.7041666666666666 0.1625 0.22083333333333333
0 0.6453125000000001 0.23645833333333333 0.3375 0.41875
2 0.9546875 0.615625 0.059375000000000004 0.07708333333333334
