0 0.5164062500000001 0.42291666666666666 0.1640625 0.23333333333333334
2 0.34921875 0.475 0.051562500000000004 0.058333333333333334
2 0.42890625000000004 0.5770833333333333 0.051562500000000004 0.058333333333333334
2 0.040625 0.6125 0.043750000000000004 0.07083333333333333
1 0.15234375 0.3458333333333333 0.20468750000000002 0.26666666666666666
1 0.10390625 0.09479166666666666 0.1484375 0.18541666666666667
1 0.07500000000000001 0.14583333333333334 0.146875 0.1875
1 0.2625 0.14791666666666667 0.18125000000000002 0.19166666666666665
1 0.40078125000000003 0.096875 0.1796875 0.18958333333333333
1 0.6734375 0.6729166666666666 0.16875 0.20833333333333334
1 0.7203125 0.8947916666666667 0.140625 0.21041666666666667
1 0.49062500000000003 0.8947916666666667 0.140625 0.21041666666666667
1 0.6921875000000001 0.471875 0.15937500000000002 0.20625
1 0.8109375000000001 0.190625 0.12812500000000002 0.18541666666666667
1 0.93125 0.10104166666666667 0.1375 0.19791666666666666
1 0.534375 0.6697916666666667 0.1625 0.22291666666666665
1 0.44375000000000003 0.7322916666666667 0.1625 0.22291666666666665
1 0.30234375 0.7677083333333333 0.1703125 0.21041666666666667
1 0.5375 0.20104166666666667 0.15000000000000002 0.18958333333333333
1 0.6546875000000001 0.25104166666666666 0.15000000000000002 0.18958333333333333
1 0.76953125 0.04791666666666666 0.16718750000000002 0.09166666666666666
