1 0.3515625 0.5958333333333333 0.184375 0.20833333333333334
1 0.14453125 0.528125 0.18906250000000002 0.24791666666666667
1 0.28984375 0.8145833333333333 0.15781250000000002 0.2125
1 0.15859375 0.7395833333333334 0.15781250000000002 0.2125
1 0.9359375000000001 0.428125 0.12812500000000002 0.20208333333333334
1 0.77109375 0.3104166666666667 0.1484375 0.19583333333333333
1 0.48828125 0.11562499999999999 0.1796875 0.22708333333333333
1 0.209375 0.21145833333333333 0.19062500000000002 0.24375
1 0.29765625 0.3958333333333333 0.1265625 0.16666666666666666
1 0.9382812500000001 0.8989583333333333 0.1234375 0.20208333333333334
0 0.7976562500000001 0.65 0.2984375 0.36666666666666664
