1 0.35390625000000003 0.6947916666666667 0.1453125 0.21875
1 0.45703125 0.8239583333333333 0.1453125 0.21875
1 0.7679687500000001 0.64375 0.1859375 0.21666666666666667
1 0.9070312500000001 0.53125 0.1859375 0.21666666666666667
1 0.91796875 0.31979166666666664 0.1640625 0.21875
1 0.60546875 0.709375 0.17343750000000002 0.25625
1 0.3453125 0.10729166666666666 0.184375 0.21041666666666667
1 0.178125 0.24375 0.184375 0.2125
1 0.31093750000000003 0.4458333333333333 0.184375 0.2125
1 0.0921875 0.66875 0.18125000000000002 0.2125
0 0.57265625 0.3572916666666667 0.3609375 0.48541666666666666
