1 0.77265625 0.678125 0.17343750000000002 0.19375
1 0.8132812500000001 0.35833333333333334 0.1765625 0.22916666666666666
1 0.7195312500000001 0.2 0.1453125 0.21666666666666667
1 0.5867187500000001 0.5729166666666666 0.1703125 0.2583333333333333
1 0.465625 0.7895833333333333 0.1625 0.20833333333333334
1 0.6390625000000001 0.85625 0.2 0.225
1 0.403125 0.9114583333333334 0.18125000000000002 0.17708333333333334
1 0.584375 0.17604166666666665 0.15937500000000002 0.18125
1 0.640625 0.31979166666666664 0.15937500000000002 0.18125
0 0.30078125 0.4041666666666667 0.2703125 0.32916666666666666
2 0.8921875 0.959375 0.065625 0.08125
2 0.19062500000000002 0.5479166666666666 0.065625 0.09583333333333333
