1 0.7265625 0.4927083333333333 0.1875 0.18958333333333333
1 0.534375 0.6552083333333333 0.1875 0.18958333333333333
1 0.275 0.8572916666666667 0.1875 0.18958333333333333
1 0.13593750000000002 0.6802083333333333 0.1875 0.18958333333333333
1 0.16718750000000002 0.29270833333333335 0.1875 0.18958333333333333
1 0.325 0.16458333333333333 0.15000000000000002 0.17916666666666667
1 0.7265625 0.19791666666666666 0.17500000000000002 0.19166666666666665
1 0.44375000000000003 0.7625 0.17500000000000002 0.225
1 0.2578125 0.48333333333333334 0.17500000000000002 0.225
1 0.53515625 0.22395833333333334 0.1546875 0.21875
1 0.15156250000000002 0.08645833333333333 0.15000000000000002 0.16875
1 0.8835937500000001 0.9333333333333333 0.16718750000000002 0.13333333333333333
0 0.41953125 0.490625 0.1859375 0.2604166666666667
