1 0.10234375000000001 0.59375 0.15156250000000002 0.20833333333333334
1 0.40390625 0.6708333333333333 0.15156250000000002 0.20833333333333334
1 0.6015625 0.3875 0.1875 0.21666666666666667
1 0.5078125 0.22395833333333334 0.171875 0.21041666666666667
1 0.34609375000000003 0.090625 0.1921875 0.17708333333333334
1 0.38125000000000003 0.42291666666666666 0.16875 0.20833333333333334
1 0.753125 0.8947916666666667 0.16875 0.21041666666666667
1 0.8296875 0.5135416666666667 0.16875 0.21041666666666667
1 0.8296875 0.11875 0.1375 0.17083333333333334
1 0.8890625000000001 0.33958333333333335 0.1375 0.17083333333333334
1 0.09062500000000001 0.7916666666666666 0.178125 0.24583333333333332
1 0.2625 0.74375 0.178125 0.20416666666666666
0 0.6429687500000001 0.671875 0.22031250000000002 0.2604166666666667
2 0.5085937500000001 0.7447916666666666 0.060937500000000006 0.06458333333333333
2 0.7125 0.45 0.05625 0.075
