1 0.665625 0.5052083333333334 0.15625 0.21458333333333332
1 0.58984375 0.5270833333333333 0.1609375 0.26666666666666666
1 0.84765625 0.5604166666666667 0.18281250000000002 0.23333333333333334
1 0.90625 0.7552083333333334 0.15937500000000002 0.20208333333333334
1 0.39921875 0.54375 0.1703125 0.22916666666666666
1 0.10625000000000001 0.31875 0.14375000000000002 0.2
1 0.0890625 0.7770833333333333 0.14375000000000002 0.20416666666666666
1 0.88046875 0.13333333333333333 0.1390625 0.175
1 0.4296875 0.3364583333333333 0.1375 0.18541666666666667
1 0.18281250000000002 0.8489583333333334 0.1875 0.23958333333333334
1 0.47890625000000003 0.8312499999999999 0.1953125 0.20833333333333334
0 0.60703125 0.17708333333333334 0.3484375 0.35
