1 0.80390625 0.5145833333333333 0.1765625 0.20416666666666666
1 0.7210937500000001 0.6020833333333333 0.1765625 0.20416666666666666
1 0.6585937500000001 0.18541666666666667 0.1765625 0.20416666666666666
1 0.8921875 0.2739583333333333 0.184375 0.23541666666666666
1 0.8109375000000001 0.25625 0.15937500000000002 0.21666666666666667
1 0.36171875000000003 0.45416666666666666 0.1765625 0.20416666666666666
1 0.52265625 0.8479166666666667 0.1765625 0.20416666666666666
1 0.91171875 0.7395833333333334 0.1765625 0.20416666666666666
1 0.44609375 0.16666666666666666 0.1765625 0.20416666666666666
1 0.12421875 0.19375 0.1765625 0.20416666666666666
1 0.12109375 0.7479166666666667 0.1765625 0.20416666666666666
1 0.27734375 0.6854166666666667 0.1765625 0.20416666666666666
1 0.15859375 0.8979166666666667 0.1296875 0.20416666666666666
1 0.19062500000000002 0.4041666666666667 0.225 0.25
1 0.6984375 0.921875 0.15000000000000002 0.15625
0 0.3125 0.8937499999999999 0.18125000000000002 0.2125
2 0.58984375 0.20833333333333334 0.0546875 0.0625
