1 0.35625 0.7375 0.19062500000000002 0.23333333333333334
1 0.08203125 0.721875 0.1609375 0.21458333333333332
1 0.7734375 0.209375 0.1625 0.21458333333333332
1 0.6984375 0.2552083333333333 0.1625 0.21458333333333332
1 0.6156250000000001 0.36354166666666665 0.178125 0.26875
1 0.390625 0.4114583333333333 0.19687500000000002 0.23541666666666666
1 0.22734375 0.1 0.1640625 0.19583333333333333
1 0.37890625 0.21458333333333332 0.1765625 0.2125
1 0.5734375 0.08958333333333333 0.16875 0.175
1 0.51875 0.64375 0.146875 0.19166666666666665
1 0.5328125 0.7739583333333333 0.15625 0.18958333333333333
1 0.5328125 0.8781249999999999 0.15625 0.18958333333333333
1 0.7171875000000001 0.903125 0.15625 0.18958333333333333
1 0.19765625 0.734375 0.1640625 0.23541666666666666
0 0.8765625 0.7510416666666666 0.246875 0.3854166666666667
2 0.7375 0.646875 0.059375000000000004 0.07708333333333334
2 0.41171875 0.059375 0.051562500000000004 0.08958333333333333
