1 0.8304687500000001 0.146875 0.18906250000000002 0.24791666666666667
1 0.93125 0.5395833333333333 0.1375 0.24583333333333332
1 0.9 0.7729166666666667 0.17500000000000002 0.24583333333333332
1 0.17890625000000002 0.6614583333333334 0.1765625 0.23958333333333334
1 0.60859375 0.43124999999999997 0.16718750000000002 0.20416666666666666
1 0.21484375 0.8916666666666666 0.16718750000000002 0.20416666666666666
1 0.44375000000000003 0.7802083333333333 0.178125 0.22708333333333333
1 0.046875 0.7895833333333333 0.09062500000000001 0.21666666666666667
1 0.64765625 0.746875 0.1203125 0.20208333333333334
2 0.34140625 0.12291666666666666 0.2609375 0.24166666666666667
