1 0.7625000000000001 0.4145833333333333 0.13125 0.23333333333333334
1 0.759375 0.7145833333333333 0.13125 0.23333333333333334
1 0.915625 0.2833333333333333 0.13125 0.23333333333333334
1 0.7718750000000001 0.11875 0.153125 0.23333333333333334
1 0.38203125000000004 0.175 0.18281250000000002 0.1875
1 0.19843750000000002 0.8666666666666667 0.17500000000000002 0.19583333333333333
1 0.13203125000000002 0.3260416666666667 0.2109375 0.17291666666666666
1 0.603125 0.32916666666666666 0.15625 0.23333333333333334
1 0.62890625 0.47604166666666664 0.1703125 0.20208333333333334
0 0.4890625 0.6760416666666667 0.4 0.46458333333333335
