1 0.37421875000000004 0.38958333333333334 0.1703125 0.20416666666666666
1 0.51171875 0.425 0.1703125 0.20416666666666666
1 0.75703125 0.575 0.1703125 0.20416666666666666
1 0.9007812500000001 0.42083333333333334 0.1703125 0.20416666666666666
1 0.59296875 0.63125 0.1703125 0.20416666666666666
1 0.54453125 0.7375 0.1703125 0.20416666666666666
1 0.6273437500000001 0.16041666666666665 0.1703125 0.20416666666666666
1 0.80234375 0.2916666666666667 0.1703125 0.20416666666666666
1 0.60078125 0.8770833333333333 0.1703125 0.20416666666666666
0 0.43125 0.12291666666666666 0.20625000000000002 0.23333333333333334
