1 0.3125 0.8166666666666667 0.203125 0.25416666666666665
1 0.6937500000000001 0.3729166666666667 0.203125 0.25416666666666665
1 0.8765625 0.28125 0.203125 0.25416666666666665
1 0.91953125 0.5625 0.1609375 0.21666666666666667
1 0.87421875 0.7875 0.1703125 0.23333333333333334
1 0.71015625 0.8729166666666667 0.1703125 0.23333333333333334
1 0.5320312500000001 0.8770833333333333 0.1703125 0.23333333333333334
1 0.51171875 0.6895833333333333 0.2171875 0.20833333333333334
1 0.09375 0.4166666666666667 0.184375 0.25416666666666665
1 0.2671875 0.596875 0.1875 0.18958333333333333
1 0.5390625 0.14791666666666667 0.146875 0.2125
1 0.10859375 0.21979166666666666 0.18281250000000002 0.22291666666666665
1 0.37734375000000003 0.08229166666666667 0.15781250000000002 0.16041666666666665
1 0.72578125 0.08229166666666667 0.15781250000000002 0.16041666666666665
0 0.42031250000000003 0.378125 0.44062500000000004 0.4770833333333333
