1 0.246875 0.4197916666666667 0.146875 0.21875
1 0.84140625 0.27708333333333335 0.1703125 0.22083333333333333
1 0.65546875 0.3375 0.1703125 0.22083333333333333
1 0.74140625 0.7489583333333333 0.16718750000000002 0.24375
1 0.46718750000000003 0.7625 0.153125 0.22083333333333333
1 0.32343750000000004 0.7708333333333334 0.153125 0.22083333333333333
1 0.58203125 0.19270833333333334 0.1609375 0.22291666666666665
1 0.1328125 0.24270833333333333 0.17500000000000002 0.21875
1 0.603125 0.6260416666666666 0.19687500000000002 0.21875
1 0.8796875000000001 0.8770833333333333 0.153125 0.22083333333333333
0 0.371875 0.12291666666666666 0.20625000000000002 0.24166666666666667
