1 0.875 0.19479166666666667 0.178125 0.22708333333333333
1 0.5875 0.23020833333333332 0.178125 0.22708333333333333
1 0.1703125 0.390625 0.178125 0.22708333333333333
1 0.29375 0.7697916666666667 0.178125 0.22708333333333333
1 0.403125 0.5052083333333334 0.178125 0.22708333333333333
1 0.453125 0.371875 0.178125 0.22708333333333333
1 0.27890625 0.20625 0.15781250000000002 0.225
1 0.4734375 0.9 0.1625 0.19583333333333333
1 0.8 0.38958333333333334 0.1625 0.19583333333333333
1 0.9242187500000001 0.4427083333333333 0.15156250000000002 0.22708333333333333
0 0.68671875 0.690625 0.3828125 0.45625
