1 0.2 0.771875 0.1625 0.21458333333333332
1 0.29921875000000003 0.6541666666666667 0.1703125 0.22916666666666666
1 0.46171875 0.7322916666666667 0.18281250000000002 0.22708333333333333
1 0.46015625000000004 0.8989583333333333 0.18281250000000002 0.20208333333333334
1 0.6570312500000001 0.8260416666666667 0.1859375 0.23124999999999998
1 0.80390625 0.4864583333333333 0.1859375 0.23124999999999998
1 0.61484375 0.5864583333333333 0.19843750000000002 0.24791666666666667
1 0.12578125 0.4864583333333333 0.17343750000000002 0.21458333333333332
1 0.1546875 0.271875 0.17500000000000002 0.20625
1 0.1953125 0.08645833333333333 0.16875 0.16875
1 0.7203125 0.2947916666666667 0.14375000000000002 0.18958333333333333
1 0.8171875000000001 0.2760416666666667 0.14375000000000002 0.18958333333333333
1 0.9281250000000001 0.09583333333333333 0.14375000000000002 0.1875
1 0.78046875 0.09166666666666666 0.1453125 0.17916666666666667
1 0.9164062500000001 0.7989583333333333 0.16718750000000002 0.23541666666666666
1 0.77109375 0.725 0.19843750000000002 0.25
0 0.42421875000000003 0.21562499999999998 0.40156250000000004 0.3854166666666667
