1 0.35625 0.8208333333333333 0.15625 0.18333333333333332
1 0.33125000000000004 0.3854166666666667 0.15625 0.18333333333333332
1 0.40546875000000004 0.18020833333333333 0.1703125 0.23541666666666666
1 0.22890625 0.08541666666666667 0.1609375 0.16666666666666666
1 0.5281250000000001 0.653125 0.15937500000000002 0.22291666666666665
1 0.7796875000000001 0.378125 0.15937500000000002 0.22291666666666665
1 0.74609375 0.6041666666666666 0.1484375 0.19583333333333333
1 0.7351562500000001 0.9010416666666666 0.1484375 0.19791666666666666
1 0.6273437500000001 0.109375 0.1015625 0.14375
1 0.078125 0.20208333333333334 0.15000000000000002 0.16666666666666666
1 0.63046875 0.3614583333333333 0.15781250000000002 0.21041666666666667
1 0.1125 0.4125 0.15625 0.18333333333333332
0 0.1265625 0.70625 0.25 0.3125
2 0.8695312500000001 0.26979166666666665 0.0734375 0.08958333333333333
1 0.20234375000000002 0.465625 0.15781250000000002 0.23124999999999998
