1 0.68359375 0.6677083333333333 0.1765625 0.19375
1 0.77265625 0.4479166666666667 0.1859375 0.24583333333333332
1 0.6265625 0.3125 0.16875 0.225
1 0.521875 0.409375 0.1625 0.19375
1 0.6171875 0.09791666666666667 0.1625 0.19166666666666665
1 0.6414062500000001 0.8947916666666667 0.17343750000000002 0.21041666666666667
1 0.4296875 0.9239583333333333 0.171875 0.15208333333333332
1 0.7875000000000001 0.1125 0.17500000000000002 0.22083333333333333
1 0.92734375 0.8083333333333333 0.1453125 0.225
1 0.34296875000000004 0.24375 0.1453125 0.225
1 0.15703125 0.26458333333333334 0.1453125 0.225
1 0.08828125 0.375 0.1453125 0.225
0 0.22109375 0.65625 0.35468750000000004 0.3833333333333333
