0 0.24921875000000002 0.5875 0.3671875 0.4125
1 0.71640625 0.575 0.18906250000000002 0.225
1 0.8835937500000001 0.32708333333333334 0.18906250000000002 0.225
1 0.6546875000000001 0.7583333333333333 0.16562500000000002 0.20416666666666666
1 0.7953125000000001 0.7520833333333333 0.16562500000000002 0.20416666666666666
1 0.9015625 0.6229166666666667 0.16562500000000002 0.20416666666666666
1 0.9171875 0.8 0.16562500000000002 0.20416666666666666
1 0.634375 0.19166666666666665 0.16562500000000002 0.20416666666666666
1 0.5765625 0.19166666666666665 0.16562500000000002 0.20416666666666666
1 0.496875 0.15416666666666667 0.16562500000000002 0.20416666666666666
1 0.42812500000000003 0.13958333333333334 0.16562500000000002 0.20416666666666666
1 0.2578125 0.08958333333333333 0.17500000000000002 0.175
1 0.07578125000000001 0.484375 0.1484375 0.27708333333333335
1 0.49062500000000003 0.91875 0.15937500000000002 0.1625
1 0.35781250000000003 0.91875 0.15937500000000002 0.1625
1 0.08046875 0.08125 0.15781250000000002 0.15833333333333333
1 0.39765625000000004 0.3645833333333333 0.18281250000000002 0.16666666666666666
1 0.8234375 0.9083333333333333 0.25 0.18333333333333332
1 0.2984375 0.24375 0.134375 0.22916666666666666
1 0.7828125 0.08958333333333333 0.19687500000000002 0.175
