1 0.25078125 0.8375 0.1421875 0.18333333333333332
1 0.0625 0.7458333333333333 0.12187500000000001 0.17916666666666667
1 0.6937500000000001 0.7489583333333333 0.13125 0.22708333333333333
1 0.66796875 0.19375 0.1234375 0.20833333333333334
1 0.940625 0.08125 0.11875000000000001 0.15833333333333333
1 0.46406250000000004 0.8979166666666667 0.153125 0.20416666666666666
1 0.57734375 0.928125 0.1015625 0.14375
1 0.2984375 0.44375 0.15937500000000002 0.175
1 0.15781250000000002 0.4875 0.15937500000000002 0.175
1 0.6390625000000001 0.41354166666666664 0.16562500000000002 0.21041666666666667
1 0.55 0.37916666666666665 0.16875 0.225
1 0.9171875 0.6114583333333333 0.16562500000000002 0.21041666666666667
2 0.1421875 0.1375 0.065625 0.11666666666666667
2 0.609375 0.07083333333333333 0.09062500000000001 0.09166666666666666
0 0.31796875 0.15104166666666666 0.32343750000000004 0.29791666666666666
