0 0.6101562500000001 0.134375 0.2515625 0.26458333333333334
1 0.21953125 0.3072916666666667 0.1609375 0.24375
1 0.49453125000000003 0.359375 0.1609375 0.24375
1 0.38906250000000003 0.5145833333333333 0.14375000000000002 0.29583333333333334
1 0.24453125 0.521875 0.1484375 0.23124999999999998
1 0.68515625 0.359375 0.1484375 0.23124999999999998
1 0.66171875 0.6364583333333333 0.1484375 0.23124999999999998
1 0.57265625 0.86875 0.1640625 0.25
1 0.13046875 0.7677083333333333 0.18281250000000002 0.24791666666666667
1 0.8601562500000001 0.10208333333333333 0.16718750000000002 0.2
1 0.9515625000000001 0.4083333333333333 0.096875 0.21666666666666667
1 0.9453125 0.66875 0.109375 0.2875
1 0.8453125 0.7833333333333333 0.146875 0.2125
1 0.7156250000000001 0.8239583333333333 0.184375 0.25625
1 0.09531250000000001 0.6020833333333333 0.13125 0.22916666666666666
1 0.8367187500000001 0.5302083333333333 0.1609375 0.24375
