1 0.909375 0.6916666666666667 0.18125000000000002 0.22083333333333333
1 0.74140625 0.63125 0.17343750000000002 0.2125
1 0.9234375 0.39166666666666666 0.153125 0.225
1 0.04453125 0.528125 0.0859375 0.21458333333333332
1 0.42109375000000004 0.4270833333333333 0.17343750000000002 0.2375
1 0.56171875 0.2520833333333333 0.2078125 0.24583333333333332
1 0.7820312500000001 0.9104166666666667 0.1640625 0.17916666666666667
1 0.75 0.26875 0.15937500000000002 0.225
1 0.2515625 0.575 0.178125 0.22916666666666666
0 0.48750000000000004 0.7791666666666667 0.44375000000000003 0.44166666666666665
