1 0.4078125 0.8156249999999999 0.1625 0.18541666666666667
1 0.5390625 0.68125 0.1875 0.20416666666666666
1 0.25078125 0.6854166666666667 0.1703125 0.25
1 0.23984375000000002 0.46458333333333335 0.15781250000000002 0.22083333333333333
1 0.15781250000000002 0.26979166666666665 0.153125 0.21458333333333332
1 0.8640625000000001 0.7385416666666667 0.153125 0.21458333333333332
1 0.7109375 0.434375 0.1625 0.22291666666666665
1 0.54453125 0.4125 0.1703125 0.22083333333333333
1 0.6492187500000001 0.8604166666666666 0.1703125 0.22083333333333333
1 0.12890625 0.6416666666666666 0.1703125 0.22083333333333333
1 0.13828125 0.065625 0.1703125 0.12708333333333333
