1 0.72421875 0.4979166666666667 0.20468750000000002 0.17916666666666667
1 0.7445312500000001 0.23020833333333332 0.18906250000000002 0.23958333333333334
1 0.9242187500000001 0.24895833333333334 0.15156250000000002 0.23958333333333334
1 0.5171875 0.19791666666666666 0.1625 0.21666666666666667
1 0.375 0.8354166666666667 0.1625 0.19166666666666665
1 0.503125 0.8145833333333333 0.11875000000000001 0.17916666666666667
1 0.60859375 0.7427083333333333 0.15781250000000002 0.21041666666666667
1 0.71796875 0.809375 0.1953125 0.18541666666666667
1 0.7757812500000001 0.709375 0.1953125 0.18541666666666667
1 0.0734375 0.8666666666666667 0.14375000000000002 0.21666666666666667
1 0.203125 0.2375 0.1875 0.17916666666666667
1 0.38359375 0.07395833333333333 0.18906250000000002 0.14375
1 0.9484375 0.4864583333333333 0.10312500000000001 0.22708333333333333
0 0.37343750000000003 0.5239583333333333 0.3875 0.4895833333333333
2 0.07421875 0.64375 0.0734375 0.075
