1 0.309375 0.7322916666666667 0.140625 0.17708333333333334
1 0.27734375 0.9177083333333333 0.1453125 0.16458333333333333
1 0.6726562500000001 0.48020833333333335 0.16718750000000002 0.22708333333333333
1 0.8289062500000001 0.6625 0.1390625 0.18333333333333332
1 0.7421875 0.078125 0.12812500000000002 0.15208333333333332
1 0.8382812500000001 0.21770833333333334 0.17343750000000002 0.20625
1 0.21406250000000002 0.3375 0.146875 0.18333333333333332
1 0.50625 0.38229166666666664 0.15625 0.19375
1 0.8828125 0.053125 0.15625 0.10208333333333333
1 0.9382812500000001 0.378125 0.1234375 0.20625
1 0.96015625 0.7208333333333333 0.07968750000000001 0.175
1 0.91015625 0.9083333333333333 0.17343750000000002 0.18333333333333332
1 0.52265625 0.1375 0.19843750000000002 0.2
0 0.47109375000000003 0.8458333333333333 0.2109375 0.30833333333333335
2 0.4734375 0.6614583333333334 0.065625 0.08958333333333333
