0 0.29453125 0.5822916666666667 0.2546875 0.28125
1 0.48046875 0.29583333333333334 0.1953125 0.23333333333333334
1 0.14609375 0.44166666666666665 0.1453125 0.19583333333333333
1 0.12265625000000001 0.265625 0.2078125 0.21458333333333332
1 0.38359375 0.8260416666666667 0.15781250000000002 0.21041666666666667
1 0.26640625 0.8510416666666667 0.15781250000000002 0.21041666666666667
1 0.20859375000000002 0.8468749999999999 0.15781250000000002 0.21041666666666667
1 0.10234375000000001 0.8468749999999999 0.15781250000000002 0.21041666666666667
1 0.5632812500000001 0.7489583333333333 0.15781250000000002 0.21041666666666667
1 0.73046875 0.7385416666666667 0.15781250000000002 0.21041666666666667
1 0.8367187500000001 0.515625 0.15781250000000002 0.21041666666666667
1 0.8304687500000001 0.11770833333333333 0.1796875 0.22708333333333333
1 0.65 0.1 0.18125000000000002 0.19583333333333333
1 0.26406250000000003 0.1 0.18125000000000002 0.19583333333333333
1 0.29531250000000003 0.259375 0.18125000000000002 0.19791666666666666
2 0.035937500000000004 0.08333333333333333 0.06875 0.0875
2 0.8835937500000001 0.6427083333333333 0.0546875 0.06458333333333333
1 0.68671875 0.47291666666666665 0.1953125 0.23333333333333334
1 0.8289062500000001 0.9072916666666666 0.13593750000000002 0.18541666666666667
