1 0.19843750000000002 0.17083333333333334 0.16875 0.21666666666666667
1 0.146875 0.403125 0.16562500000000002 0.2520833333333333
1 0.4890625 0.7947916666666667 0.16562500000000002 0.2520833333333333
1 0.246875 0.8427083333333333 0.15937500000000002 0.18541666666666667
1 0.30781250000000004 0.8677083333333333 0.15937500000000002 0.18541666666666667
1 0.0625 0.6645833333333333 0.12187500000000001 0.21666666666666667
1 0.64375 0.6291666666666667 0.14375000000000002 0.2
1 0.71796875 0.38958333333333334 0.16718750000000002 0.2
1 0.75703125 0.10104166666666667 0.16718750000000002 0.19791666666666666
1 0.51953125 0.15416666666666667 0.16718750000000002 0.2
1 0.8500000000000001 0.22395833333333334 0.17500000000000002 0.22708333333333333
0 0.43984375000000003 0.46770833333333334 0.3484375 0.4270833333333333
