1 0.553125 0.11354166666666667 0.1625 0.18958333333333333
1 0.1125 0.5729166666666666 0.184375 0.2583333333333333
1 0.16328125000000002 0.8229166666666666 0.1390625 0.2375
1 0.0703125 0.8645833333333334 0.1375 0.2375
1 0.34687500000000004 0.4270833333333333 0.16562500000000002 0.2
1 0.6890625 0.38125 0.16562500000000002 0.2
1 0.86328125 0.759375 0.1609375 0.21458333333333332
1 0.46640625 0.5229166666666667 0.15156250000000002 0.19583333333333333
1 0.16718750000000002 0.159375 0.15000000000000002 0.21458333333333332
0 0.66171875 0.6770833333333334 0.31093750000000003 0.4166666666666667
2 0.97421875 0.309375 0.051562500000000004 0.06875
2 0.9078125 0.915625 0.053125000000000006 0.08541666666666667
