0 0.48046875 0.5875 0.2234375 0.29583333333333334
1 0.325 0.38958333333333334 0.15625 0.19583333333333333
1 0.21484375 0.8010416666666667 0.1859375 0.21041666666666667
1 0.057031250000000006 0.39479166666666665 0.11093750000000001 0.21875
1 0.14453125 0.2895833333333333 0.1859375 0.20833333333333334
1 0.17578125 0.13541666666666666 0.1859375 0.20833333333333334
1 0.5796875 0.09791666666666667 0.109375 0.19166666666666665
1 0.56171875 0.26145833333333335 0.1953125 0.19791666666666666
1 0.45 0.278125 0.2 0.23958333333333334
1 0.42890625000000004 0.8958333333333334 0.1859375 0.20833333333333334
1 0.6273437500000001 0.725 0.1421875 0.1875
1 0.68515625 0.5416666666666666 0.1421875 0.1875
1 0.7757812500000001 0.9229166666666666 0.15156250000000002 0.15416666666666667
1 0.76953125 0.10729166666666666 0.1921875 0.21041666666666667
2 0.59921875 0.8510416666666667 0.0671875 0.08125
2 0.39765625000000004 0.7489583333333333 0.0671875 0.08125
1 0.915625 0.7166666666666667 0.1375 0.22916666666666666
1 0.95234375 0.38229166666666664 0.09531250000000001 0.21875
1 0.8929687500000001 0.25625 0.1453125 0.22083333333333333
