1 0.80859375 0.5177083333333333 0.19843750000000002 0.21458333333333332
1 0.52890625 0.7010416666666667 0.11093750000000001 0.21875
1 0.62890625 0.43854166666666666 0.19843750000000002 0.21458333333333332
1 0.6257812500000001 0.434375 0.19843750000000002 0.21458333333333332
1 0.5703125 0.334375 0.13125 0.16875
1 0.46484375 0.28229166666666666 0.19843750000000002 0.21458333333333332
1 0.41250000000000003 0.11354166666666667 0.16562500000000002 0.22291666666666665
1 0.07109375 0.14166666666666666 0.1390625 0.225
1 0.05 0.3927083333333333 0.096875 0.21041666666666667
1 0.4109375 0.8125 0.16562500000000002 0.225
1 0.09453125000000001 0.875 0.1609375 0.20416666666666666
1 0.09765625 0.66875 0.1609375 0.20416666666666666
1 0.20390625 0.8510416666666667 0.1640625 0.16875
1 0.84375 0.13125 0.15625 0.22083333333333333
1 0.9343750000000001 0.3364583333333333 0.13125 0.14791666666666667
0 0.27890625 0.5552083333333333 0.33906250000000004 0.42291666666666666
2 0.625 0.609375 0.096875 0.13541666666666666
2 0.92109375 0.046875 0.07968750000000001 0.08958333333333333
