1 0.90546875 0.8520833333333333 0.1703125 0.22083333333333333
1 0.7601562500000001 0.8166666666666667 0.1703125 0.22083333333333333
1 0.27734375 0.8604166666666666 0.1453125 0.21666666666666667
1 0.57578125 0.709375 0.1859375 0.2520833333333333
1 0.65390625 0.534375 0.1859375 0.2520833333333333
1 0.6960937500000001 0.11875 0.17343750000000002 0.23333333333333334
1 0.81640625 0.5177083333333333 0.1546875 0.20208333333333334
1 0.15703125 0.309375 0.16718750000000002 0.23124999999999998
1 0.184375 0.7083333333333334 0.19062500000000002 0.20833333333333334
1 0.40390625 0.6802083333333333 0.1640625 0.19791666666666666
1 0.41953125 0.9010416666666666 0.1640625 0.19791666666666666
1 0.26015625000000003 0.16979166666666667 0.1640625 0.23124999999999998
1 0.37734375000000003 0.096875 0.1546875 0.18958333333333333
2 0.83515625 0.353125 0.051562500000000004 0.09375
2 0.71015625 0.3458333333333333 0.0859375 0.10833333333333334
2 0.20703125 0.47812499999999997 0.06406250000000001 0.09375
2 0.2078125 0.3989583333333333 0.059375000000000004 0.07291666666666667
0 0.453125 0.3385416666666667 0.33125000000000004 0.40625
