1 0.21328125 0.6958333333333333 0.15781250000000002 0.2125
1 0.14609375 0.48125 0.15781250000000002 0.2125
1 0.41171875 0.13958333333333334 0.15781250000000002 0.2125
1 0.21015625000000002 0.19375 0.15781250000000002 0.2125
1 0.9226562500000001 0.40729166666666666 0.1546875 0.23958333333333334
1 0.9226562500000001 0.821875 0.1546875 0.23958333333333334
1 0.7835937500000001 0.15729166666666666 0.1546875 0.23958333333333334
1 0.8992187500000001 0.1625 0.18906250000000002 0.2583333333333333
1 0.3640625 0.4635416666666667 0.153125 0.19791666666666666
1 0.40468750000000003 0.653125 0.153125 0.19791666666666666
1 0.7523437500000001 0.8010416666666667 0.1640625 0.21458333333333332
1 0.47578125000000004 0.35104166666666664 0.1234375 0.22708333333333333
0 0.5328125 0.53125 0.19375 0.22083333333333333
