0 0.7406250000000001 0.7614583333333333 0.184375 0.25625
1 0.3203125 0.8791666666666667 0.15625 0.1375
1 0.2265625 0.9114583333333334 0.153125 0.16041666666666665
1 0.07968750000000001 0.646875 0.125 0.20625
1 0.0921875 0.753125 0.125 0.20625
1 0.084375 0.2635416666666667 0.125 0.20625
1 0.1125 0.4010416666666667 0.15625 0.21041666666666667
1 0.15703125 0.509375 0.1234375 0.21041666666666667
1 0.20703125 0.571875 0.1234375 0.21041666666666667
1 0.24453125 0.590625 0.1234375 0.21041666666666667
1 0.340625 0.6 0.146875 0.21666666666666667
1 0.48750000000000004 0.49583333333333335 0.146875 0.21666666666666667
1 0.375 0.3625 0.16875 0.2583333333333333
2 0.24531250000000002 0.284375 0.053125000000000006 0.08125
2 0.609375 0.16979166666666667 0.053125000000000006 0.08125
1 0.5109375 0.28125 0.14375000000000002 0.17083333333333334
1 0.8765625 0.17083333333333334 0.14375000000000002 0.17083333333333334
1 0.81015625 0.159375 0.1453125 0.25625
1 0.9234375 0.39479166666666665 0.146875 0.25625
1 0.9390625 0.5260416666666666 0.12187500000000001 0.19375
1 0.8148437500000001 0.575 0.1453125 0.19583333333333333
1 0.7585937500000001 0.49583333333333335 0.1453125 0.19583333333333333
1 0.68515625 0.46875 0.1453125 0.19583333333333333
1 0.92734375 0.7895833333333333 0.1453125 0.19583333333333333
1 0.92734375 0.9020833333333333 0.1453125 0.19583333333333333
1 0.83515625 0.9020833333333333 0.1453125 0.19583333333333333
1 0.28671875 0.12916666666666665 0.1453125 0.19583333333333333
1 0.6742187500000001 0.16041666666666665 0.1453125 0.19583333333333333
