1 0.10078125 0.5083333333333333 0.1390625 0.21666666666666667
1 0.57578125 0.675 0.1703125 0.19583333333333333
1 0.83359375 0.5052083333333334 0.1765625 0.19375
1 0.85078125 0.740625 0.1765625 0.21875
1 0.67734375 0.28020833333333334 0.1765625 0.21875
1 0.24921875000000002 0.2125 0.1484375 0.19166666666666665
1 0.33046875000000003 0.9041666666666667 0.1484375 0.19166666666666665
1 0.69453125 0.8583333333333333 0.1484375 0.19166666666666665
1 0.43828125 0.12708333333333333 0.1484375 0.19166666666666665
1 0.58359375 0.6166666666666667 0.1703125 0.19583333333333333
1 0.13359375 0.5333333333333333 0.1390625 0.21666666666666667
0 0.3828125 0.5145833333333333 0.39687500000000003 0.44166666666666665
2 0.22421875000000002 0.7947916666666667 0.0703125 0.09375
