1 0.5242187500000001 0.3677083333333333 0.1203125 0.18958333333333333
1 0.8375 0.5520833333333334 0.19687500000000002 0.2
1 0.6429687500000001 0.378125 0.1609375 0.23124999999999998
1 0.32734375000000004 0.5270833333333333 0.20468750000000002 0.2875
1 0.11015625000000001 0.6833333333333333 0.1046875 0.20416666666666666
1 0.79609375 0.19791666666666666 0.1046875 0.20416666666666666
1 0.8835937500000001 0.7645833333333333 0.11406250000000001 0.2
1 0.09609375 0.9229166666666666 0.1640625 0.15416666666666667
1 0.40546875000000004 0.6854166666666667 0.1640625 0.1875
0 0.61328125 0.7697916666666667 0.3046875 0.3229166666666667
2 0.26328125 0.9197916666666667 0.0484375 0.06875
1 0.6640625 0.19583333333333333 0.15000000000000002 0.2
