1 0.47187500000000004 0.46041666666666664 0.15937500000000002 0.225
1 0.61875 0.5729166666666666 0.15937500000000002 0.225
1 0.47187500000000004 0.6375 0.15937500000000002 0.225
1 0.31093750000000003 0.4458333333333333 0.15937500000000002 0.225
1 0.7757812500000001 0.8781249999999999 0.1859375 0.24375
1 0.8765625 0.6104166666666666 0.1625 0.2125
1 0.925 0.08333333333333333 0.15000000000000002 0.1625
1 0.125 0.46041666666666664 0.15937500000000002 0.225
1 0.7828125 0.6197916666666666 0.1375 0.21458333333333332
1 0.05859375 0.1375 0.11406250000000001 0.2708333333333333
0 0.38359375 0.125 0.2484375 0.225
