1 0.46796875000000004 0.3208333333333333 0.18281250000000002 0.24583333333333332
1 0.6960937500000001 0.7395833333333334 0.18281250000000002 0.24583333333333332
1 0.84921875 0.8145833333333333 0.18281250000000002 0.24583333333333332
1 0.9109375000000001 0.3677083333333333 0.178125 0.20625
1 0.93359375 0.5927083333333333 0.1328125 0.24791666666666667
1 0.7679687500000001 0.521875 0.1640625 0.20208333333333334
1 0.71796875 0.2864583333333333 0.1640625 0.20208333333333334
1 0.7601562500000001 0.10520833333333333 0.1640625 0.20208333333333334
1 0.24921875000000002 0.159375 0.1640625 0.20208333333333334
0 0.45937500000000003 0.79375 0.340625 0.4125
0 0.16953125000000002 0.5229166666666667 0.3359375 0.525
