1 0.12109375 0.30833333333333335 0.16718750000000002 0.225
1 0.72421875 0.634375 0.1921875 0.22291666666666665
1 0.73828125 0.8885416666666667 0.1921875 0.22291666666666665
1 0.91796875 0.11145833333333333 0.1546875 0.21875
1 0.6062500000000001 0.4197916666666667 0.14375000000000002 0.19791666666666666
1 0.7898437500000001 0.2552083333333333 0.16718750000000002 0.20625
1 0.23828125 0.578125 0.16718750000000002 0.20625
1 0.15000000000000002 0.6072916666666667 0.1875 0.21875
1 0.325 0.240625 0.1625 0.21875
1 0.675 0.4322916666666667 0.1375 0.17708333333333334
0 0.2890625 0.8885416666666667 0.2625 0.22291666666666665
0 0.45625000000000004 0.7 0.35000000000000003 0.5041666666666667
