1 0.7484375000000001 0.5020833333333333 0.178125 0.20833333333333334
1 0.19140625 0.4197916666666667 0.2171875 0.2520833333333333
1 0.6515625 0.6979166666666666 0.19687500000000002 0.24166666666666667
1 0.446875 0.6 0.19687500000000002 0.24166666666666667
1 0.88203125 0.8468749999999999 0.15781250000000002 0.20208333333333334
1 0.4609375 0.090625 0.153125 0.17708333333333334
1 0.2328125 0.19166666666666665 0.153125 0.17916666666666667
1 0.22031250000000002 0.69375 0.153125 0.17916666666666667
1 0.6742187500000001 0.8927083333333333 0.1171875 0.16875
0 0.38593750000000004 0.30833333333333335 0.27187500000000003 0.3
