1 0.10546875 0.51875 0.1609375 0.225
1 0.2171875 0.7416666666666667 0.2 0.23333333333333334
1 0.8921875 0.334375 0.171875 0.21875
1 0.6578125 0.34375 0.15000000000000002 0.25
1 0.36484375 0.540625 0.1953125 0.22708333333333333
1 0.6734375 0.7708333333333334 0.15000000000000002 0.25
1 0.51328125 0.7854166666666667 0.1546875 0.2708333333333333
1 0.78046875 0.09583333333333333 0.1640625 0.1875
1 0.38125000000000003 0.928125 0.1375 0.14375
1 0.63203125 0.08854166666666667 0.1546875 0.17291666666666666
1 0.10234375000000001 0.06875 0.1796875 0.13333333333333333
1 0.953125 0.5864583333333333 0.09375 0.20625
1 0.065625 0.8989583333333333 0.12812500000000002 0.20208333333333334
