0 0.36796875 0.27708333333333335 0.33906250000000004 0.3875
1 0.5789062500000001 0.3 0.16718750000000002 0.2125
1 0.6640625 0.3958333333333333 0.14375000000000002 0.18333333333333332
1 0.8734375000000001 0.5333333333333333 0.171875 0.19166666666666665
1 0.7578125 0.6427083333333333 0.21250000000000002 0.2520833333333333
1 0.88203125 0.15520833333333334 0.15781250000000002 0.25625
1 0.73203125 0.09270833333333334 0.1609375 0.18125
1 0.0625 0.38125 0.12187500000000001 0.2375
1 0.16015625 0.540625 0.17343750000000002 0.23958333333333334
1 0.5765625 0.6885416666666666 0.171875 0.19375
1 0.66328125 0.834375 0.1859375 0.21041666666666667
1 0.06796875000000001 0.8135416666666666 0.1328125 0.18125
1 0.18125000000000002 0.9125 0.209375 0.175
1 0.86640625 0.8979166666666667 0.1265625 0.19166666666666665
1 0.16171875000000002 0.28854166666666664 0.1484375 0.3020833333333333
1 0.4265625 0.646875 0.1875 0.23958333333333334
2 0.55078125 0.590625 0.0546875 0.06458333333333333
