1 0.36796875 0.3458333333333333 0.1609375 0.25416666666666665
1 0.20390625 0.30104166666666665 0.17343750000000002 0.24791666666666667
1 0.5453125 0.55 0.18125000000000002 0.2875
1 0.86640625 0.7604166666666666 0.1703125 0.21666666666666667
1 0.49609375 0.21770833333333334 0.15156250000000002 0.21041666666666667
1 0.2734375 0.07604166666666666 0.146875 0.14791666666666667
1 0.82421875 0.4635416666666667 0.15156250000000002 0.21041666666666667
1 0.8859375 0.178125 0.184375 0.23958333333333334
1 0.07109375 0.46770833333333334 0.1390625 0.22708333333333333
1 0.7156250000000001 0.7697916666666667 0.134375 0.19791666666666666
1 0.6804687500000001 0.3052083333333333 0.15156250000000002 0.21041666666666667
0 0.37734375000000003 0.8260416666666667 0.30781250000000004 0.34791666666666665
