1 0.75 0.2791666666666667 0.16562500000000002 0.19583333333333333
1 0.70703125 0.45729166666666665 0.16718750000000002 0.21041666666666667
1 0.75546875 0.08229166666666667 0.1703125 0.16041666666666665
1 0.14296875 0.30833333333333335 0.1640625 0.22083333333333333
1 0.534375 0.7947916666666667 0.184375 0.22291666666666665
1 0.7453125 0.653125 0.184375 0.22291666666666665
1 0.057031250000000006 0.4395833333333333 0.11093750000000001 0.17916666666666667
1 0.13125 0.6875 0.19375 0.19583333333333333
0 0.45234375000000004 0.5197916666666667 0.2984375 0.4145833333333333
2 0.8250000000000001 0.440625 0.08750000000000001 0.09375
