1 0.51484375 0.35104166666666664 0.1765625 0.22291666666666665
1 0.17578125 0.3260416666666667 0.1765625 0.22291666666666665
1 0.728125 0.22083333333333333 0.1625 0.26666666666666666
1 0.9187500000000001 0.2875 0.1625 0.26666666666666666
1 0.821875 0.5354166666666667 0.1625 0.26666666666666666
1 0.8093750000000001 0.8354166666666667 0.1625 0.26666666666666666
1 0.7375 0.8666666666666667 0.1625 0.26666666666666666
1 0.41328125000000004 0.4739583333333333 0.1546875 0.22291666666666665
1 0.67109375 0.48854166666666665 0.1546875 0.22291666666666665
1 0.078125 0.24479166666666666 0.153125 0.22291666666666665
1 0.6000000000000001 0.09166666666666666 0.1875 0.17916666666666667
1 0.353125 0.07395833333333333 0.2 0.14375
1 0.33828125000000003 0.453125 0.13593750000000002 0.21875
1 0.28515625 0.5072916666666667 0.13593750000000002 0.21875
1 0.22890625 0.5489583333333333 0.13593750000000002 0.21875
1 0.11328125 0.590625 0.13593750000000002 0.21875
2 0.29453125 0.171875 0.0578125 0.07291666666666667
2 0.03828125 0.871875 0.0578125 0.07291666666666667
2 0.22265625 0.671875 0.0578125 0.07291666666666667
0 0.5242187500000001 0.8 0.3296875 0.4
1 0.30234375 0.7510416666666666 0.1328125 0.2604166666666667
1 0.18515625000000002 0.12083333333333333 0.17343750000000002 0.1625
