1 0.6703125000000001 0.21458333333333332 0.203125 0.2583333333333333
1 0.8718750000000001 0.43333333333333335 0.203125 0.2583333333333333
1 0.52890625 0.5125 0.1703125 0.18333333333333332
1 0.49453125000000003 0.11145833333333333 0.1765625 0.15208333333333332
1 0.19843750000000002 0.5104166666666666 0.1375 0.1625
1 0.2484375 0.22604166666666667 0.15937500000000002 0.17708333333333334
1 0.40234375 0.88125 0.13593750000000002 0.2125
1 0.28515625 0.6927083333333334 0.13593750000000002 0.18958333333333333
1 0.2578125 0.8947916666666667 0.15937500000000002 0.18125
1 0.08046875 0.27708333333333335 0.15781250000000002 0.20833333333333334
0 0.5750000000000001 0.76875 0.3125 0.35833333333333334
2 0.4109375 0.153125 0.046875 0.06041666666666667
2 0.7585937500000001 0.13958333333333334 0.0546875 0.075
