0 0.30781250000000004 0.6927083333333334 0.28125 0.3770833333333333
1 0.4109375 0.328125 0.17500000000000002 0.21458333333333332
1 0.34687500000000004 0.378125 0.17500000000000002 0.21458333333333332
1 0.70625 0.4635416666666667 0.146875 0.21458333333333332
1 0.8484375000000001 0.328125 0.17500000000000002 0.21458333333333332
1 0.92578125 0.7739583333333333 0.1484375 0.23541666666666666
1 0.48046875 0.8854166666666666 0.1484375 0.22916666666666666
1 0.06953125 0.6520833333333333 0.13593750000000002 0.19583333333333333
1 0.078125 0.3958333333333333 0.153125 0.21666666666666667
1 0.171875 0.2895833333333333 0.15625 0.21666666666666667
1 0.5703125 0.1625 0.2 0.2375
1 0.6960937500000001 0.2375 0.15156250000000002 0.225
1 0.9234375 0.6166666666666667 0.15000000000000002 0.225
1 0.659375 0.45625 0.096875 0.2125
1 0.73359375 0.084375 0.15156250000000002 0.16458333333333333
1 0.82578125 0.084375 0.15156250000000002 0.16458333333333333
2 0.28125 0.22604166666666667 0.05625 0.07291666666666667
1 0.8046875 0.6572916666666666 0.146875 0.21458333333333332
1 0.24765625000000002 0.090625 0.1609375 0.17708333333333334
1 0.21484375 0.9020833333333333 0.2109375 0.18333333333333332
