1 0.70078125 0.23333333333333334 0.15156250000000002 0.26666666666666666
1 0.8914062500000001 0.5010416666666666 0.15781250000000002 0.21875
1 0.81796875 0.09270833333333334 0.16718750000000002 0.18125
1 0.3015625 0.47291666666666665 0.16875 0.2
1 0.38828125 0.84375 0.1703125 0.2375
1 0.6171875 0.85 0.15937500000000002 0.19166666666666665
1 0.29375 0.6625 0.16875 0.2
1 0.24296875 0.8770833333333333 0.17343750000000002 0.24166666666666667
1 0.48046875 0.31875 0.17343750000000002 0.15416666666666667
1 0.41640625000000003 0.12083333333333333 0.1015625 0.2375
1 0.8718750000000001 0.2604166666666667 0.14375000000000002 0.1875
1 0.78046875 0.8312499999999999 0.1484375 0.20416666666666666
1 0.07265625 0.6114583333333333 0.1421875 0.21875
0 0.48515625 0.596875 0.33906250000000004 0.4395833333333333
