1 0.7421875 0.540625 0.19375 0.23958333333333334
1 0.44140625 0.8635416666666667 0.17343750000000002 0.17708333333333334
1 0.13984375000000002 0.10625 0.17343750000000002 0.20416666666666666
1 0.27734375 0.59375 0.17343750000000002 0.20416666666666666
1 0.66015625 0.35833333333333334 0.17343750000000002 0.20416666666666666
1 0.08515625 0.4041666666666667 0.16718750000000002 0.22916666666666666
1 0.46953125 0.35833333333333334 0.17343750000000002 0.20416666666666666
1 0.9085937500000001 0.21875 0.17343750000000002 0.20416666666666666
1 0.7289062500000001 0.08229166666666667 0.1484375 0.16041666666666665
1 0.07265625 0.721875 0.1421875 0.19375
0 0.49609375 0.6197916666666666 0.19843750000000002 0.3020833333333333
2 0.11640625 0.8354166666666667 0.0421875 0.058333333333333334
2 0.140625 0.9416666666666667 0.040625 0.08333333333333333
