1 0.12265625000000001 0.7770833333333333 0.18281250000000002 0.24583333333333332
1 0.53359375 0.253125 0.1484375 0.21458333333333332
1 0.35859375000000004 0.13541666666666666 0.1921875 0.19583333333333333
1 0.6742187500000001 0.21041666666666667 0.16718750000000002 0.2
1 0.6414062500000001 0.8979166666666667 0.16718750000000002 0.2
1 0.6898437500000001 0.5458333333333333 0.16718750000000002 0.2
1 0.6820312500000001 0.4458333333333333 0.16718750000000002 0.2
1 0.87265625 0.271875 0.1703125 0.26875
1 0.2421875 0.16875 0.146875 0.22083333333333333
1 0.35625 0.825 0.146875 0.22083333333333333
1 0.76953125 0.7541666666666667 0.1796875 0.21666666666666667
2 0.56953125 0.684375 0.0578125 0.06458333333333333
2 0.503125 0.80625 0.05625 0.07916666666666666
2 0.1421875 0.23229166666666667 0.065625 0.08541666666666667
0 0.2703125 0.50625 0.35625 0.48333333333333334
