1 0.70703125 0.24583333333333332 0.1546875 0.20833333333333334
1 0.29921875000000003 0.525 0.16718750000000002 0.2125
1 0.5140625 0.3177083333333333 0.12812500000000002 0.19791666666666666
1 0.58203125 0.453125 0.1640625 0.2520833333333333
1 0.41484375 0.190625 0.13593750000000002 0.21458333333333332
1 0.73828125 0.6229166666666667 0.19843750000000002 0.22916666666666666
1 0.86328125 0.33125 0.19843750000000002 0.25
1 0.15859375 0.40625 0.2078125 0.1625
1 0.10390625 0.8583333333333333 0.15781250000000002 0.19583333333333333
1 0.12265625000000001 0.090625 0.1328125 0.17708333333333334
1 0.29375 0.2125 0.15625 0.2375
1 0.5867187500000001 0.08333333333333333 0.1765625 0.1625
1 0.9421875000000001 0.8447916666666666 0.115625 0.23958333333333334
0 0.43828125 0.7854166666666667 0.37031250000000004 0.42916666666666664
