0 0.20546875 0.38645833333333335 0.18906250000000002 0.24791666666666667
2 0.734375 0.14479166666666665 0.0625 0.07708333333333334
2 0.8968750000000001 0.7885416666666667 0.0625 0.07708333333333334
2 0.8296875 0.9239583333333333 0.0625 0.07708333333333334
2 0.03125 0.4635416666666667 0.059375000000000004 0.07708333333333334
1 0.7609375 0.3177083333333333 0.184375 0.20625
1 0.56875 0.6322916666666667 0.184375 0.20625
1 0.5125000000000001 0.8697916666666666 0.184375 0.20625
1 0.09296875 0.6114583333333333 0.18281250000000002 0.20625
1 0.09296875 0.7427083333333333 0.18281250000000002 0.20625
1 0.19296875000000002 0.9416666666666667 0.1453125 0.11666666666666667
1 0.38515625000000003 0.24895833333333334 0.17343750000000002 0.26875
1 0.446875 0.45729166666666665 0.146875 0.19375
1 0.6585937500000001 0.790625 0.1390625 0.21875
1 0.5328125 0.4239583333333333 0.146875 0.19375
