1 0.14453125 0.8916666666666666 0.1796875 0.2125
1 0.8132812500000001 0.3541666666666667 0.1796875 0.2125
1 0.5164062500000001 0.3385416666666667 0.1046875 0.15208333333333332
1 0.15703125 0.7 0.13593750000000002 0.17916666666666667
1 0.12109375 0.30416666666666664 0.13593750000000002 0.17916666666666667
1 0.55859375 0.08958333333333333 0.13593750000000002 0.175
1 0.62109375 0.8937499999999999 0.13593750000000002 0.17916666666666667
0 0.578125 0.596875 0.31875000000000003 0.38125
2 0.24765625000000002 0.13854166666666667 0.051562500000000004 0.05625
1 0.34296875000000004 0.678125 0.1921875 0.21875
