1 0.434375 0.65 0.15937500000000002 0.19583333333333333
1 0.16171875000000002 0.5385416666666667 0.17343750000000002 0.19791666666666666
1 0.31796875 0.46770833333333334 0.2109375 0.23958333333333334
1 0.6937500000000001 0.6885416666666666 0.17500000000000002 0.23124999999999998
1 0.85703125 0.7010416666666667 0.1796875 0.21041666666666667
1 0.6171875 0.2916666666666667 0.16562500000000002 0.2
1 0.75 0.2625 0.16562500000000002 0.2
1 0.7468750000000001 0.45416666666666666 0.16562500000000002 0.2
1 0.275 0.2625 0.16562500000000002 0.2
1 0.13125 0.23645833333333333 0.16875 0.21875
1 0.93359375 0.16666666666666666 0.1328125 0.20416666666666666
1 0.46328125000000003 0.896875 0.1546875 0.18541666666666667
0 0.46953125 0.12916666666666665 0.3359375 0.25416666666666665
2 0.05 0.15104166666666666 0.053125000000000006 0.08125
2 0.7914062500000001 0.8802083333333334 0.060937500000000006 0.06875
