1 0.09765625 0.35520833333333335 0.1703125 0.21458333333333332
1 0.5164062500000001 0.10833333333333334 0.1703125 0.2125
1 0.72578125 0.2 0.1765625 0.23333333333333334
1 0.9296875 0.5666666666666667 0.140625 0.225
1 0.7664062500000001 0.5895833333333333 0.1546875 0.20416666666666666
1 0.4921875 0.44479166666666664 0.16875 0.21875
1 0.49609375 0.6229166666666667 0.16718750000000002 0.25416666666666665
1 0.40937500000000004 0.7572916666666667 0.184375 0.18958333333333333
1 0.5398437500000001 0.890625 0.1859375 0.21875
1 0.28203125 0.47291666666666665 0.2171875 0.2875
1 0.8203125 0.38125 0.21250000000000002 0.24583333333333332
1 0.41796875 0.2677083333333333 0.1703125 0.21458333333333332
0 0.7757812500000001 0.8552083333333333 0.3359375 0.2895833333333333
