1 0.26875 0.34270833333333334 0.178125 0.23541666666666666
1 0.15156250000000002 0.16875 0.15625 0.23333333333333334
1 0.40703125 0.2552083333333333 0.1078125 0.21041666666666667
1 0.40625 0.48333333333333334 0.17500000000000002 0.22916666666666666
1 0.3765625 0.690625 0.153125 0.20625
1 0.5554687500000001 0.6239583333333333 0.17343750000000002 0.21875
1 0.88828125 0.8572916666666667 0.2015625 0.24375
1 0.11484375000000001 0.5875 0.15781250000000002 0.21666666666666667
1 0.16328125000000002 0.7385416666666667 0.1921875 0.2604166666666667
1 0.5734375 0.39479166666666665 0.16562500000000002 0.21041666666666667
1 0.8148437500000001 0.18229166666666666 0.2078125 0.17708333333333334
1 0.571875 0.090625 0.178125 0.17708333333333334
1 0.421875 0.08541666666666667 0.146875 0.16666666666666666
1 0.671875 0.875 0.184375 0.25
2 0.2546875 0.709375 0.05 0.06041666666666667
2 0.34609375000000003 0.8697916666666666 0.0671875 0.08541666666666667
0 0.7796875000000001 0.5010416666666666 0.375 0.5395833333333333
