1 0.67578125 0.39791666666666664 0.16718750000000002 0.22916666666666666
1 0.82421875 0.46458333333333335 0.16718750000000002 0.22916666666666666
1 0.6898437500000001 0.7395833333333334 0.16718750000000002 0.22916666666666666
1 0.49921875000000004 0.8041666666666667 0.16718750000000002 0.22916666666666666
1 0.39765625000000004 0.8666666666666667 0.16718750000000002 0.22916666666666666
1 0.125 0.7302083333333333 0.19062500000000002 0.22291666666666665
1 0.6671875 0.15104166666666666 0.21250000000000002 0.21458333333333332
1 0.07265625 0.22604166666666667 0.1421875 0.21041666666666667
1 0.44843750000000004 0.17604166666666665 0.21250000000000002 0.21458333333333332
1 0.29140625000000003 0.7 0.16718750000000002 0.22916666666666666
1 0.87265625 0.7979166666666666 0.16718750000000002 0.22916666666666666
1 0.8445312500000001 0.11041666666666666 0.16718750000000002 0.21666666666666667
1 0.11640625 0.9229166666666666 0.19843750000000002 0.15416666666666667
0 0.41484375 0.4614583333333333 0.2859375 0.38125
