1 0.15859375 0.7229166666666667 0.1171875 0.2833333333333333
1 0.2734375 0.353125 0.178125 0.20625
1 0.07265625 0.4739583333333333 0.1421875 0.20625
1 0.41328125000000004 0.7375 0.1609375 0.20833333333333334
1 0.41250000000000003 0.9072916666666666 0.153125 0.18541666666666667
1 0.7898437500000001 0.6 0.1609375 0.19583333333333333
1 0.56953125 0.46979166666666666 0.1765625 0.19791666666666666
1 0.5281250000000001 0.21458333333333332 0.16875 0.23333333333333334
1 0.815625 0.071875 0.1625 0.13958333333333334
1 0.6875 0.190625 0.153125 0.19791666666666666
1 0.67734375 0.40520833333333334 0.1453125 0.24375
1 0.9125000000000001 0.6604166666666667 0.13125 0.19166666666666665
1 0.0890625 0.16979166666666667 0.15000000000000002 0.22291666666666665
1 0.23750000000000002 0.1 0.153125 0.19583333333333333
1 0.37734375000000003 0.08541666666666667 0.13593750000000002 0.16666666666666666
2 0.0171875 0.621875 0.03125 0.07291666666666667
2 0.63046875 0.5604166666666667 0.06406250000000001 0.0625
0 0.68671875 0.8322916666666667 0.40468750000000003 0.33541666666666664
