1 0.6265625 0.4947916666666667 0.171875 0.17291666666666666
1 0.465625 0.640625 0.171875 0.17291666666666666
1 0.4546875 0.46249999999999997 0.1625 0.2
1 0.44375000000000003 0.09270833333333334 0.1625 0.18125
1 0.24609375 0.11145833333333333 0.16718750000000002 0.21875
1 0.5578125 0.23124999999999998 0.18125000000000002 0.2125
1 0.86875 0.16145833333333334 0.178125 0.20625
1 0.0921875 0.6979166666666666 0.1625 0.2
1 0.40937500000000004 0.8645833333333334 0.1625 0.2
1 0.8515625 0.30416666666666664 0.1625 0.2
1 0.7468750000000001 0.07083333333333333 0.10625000000000001 0.1375
1 0.08515625 0.921875 0.1265625 0.15625
1 0.30000000000000004 0.6666666666666666 0.134375 0.17083333333333334
1 0.27187500000000003 0.8760416666666666 0.115625 0.16041666666666665
0 0.5875 0.8416666666666667 0.234375 0.24166666666666667
2 0.59296875 0.671875 0.0671875 0.09375
2 0.42265625 0.228125 0.0671875 0.09375
