2 0.70078125 0.4427083333333333 0.0921875 0.09791666666666667
0 0.64609375 0.8447916666666666 0.1921875 0.17291666666666666
1 0.43671875000000004 0.3177083333333333 0.16718750000000002 0.22291666666666665
1 0.71484375 0.16354166666666667 0.16718750000000002 0.22291666666666665
1 0.88203125 0.190625 0.16718750000000002 0.22291666666666665
1 0.7976562500000001 0.540625 0.16718750000000002 0.22291666666666665
1 0.8304687500000001 0.8822916666666667 0.16718750000000002 0.22291666666666665
1 0.5320312500000001 0.6072916666666667 0.16718750000000002 0.22291666666666665
2 0.6078125000000001 0.746875 0.053125000000000006 0.06458333333333333
1 0.14609375 0.6885416666666666 0.16718750000000002 0.22291666666666665
1 0.0625 0.6833333333333333 0.12187500000000001 0.2125
1 0.20859375000000002 0.45729166666666665 0.16718750000000002 0.22291666666666665
1 0.30703125000000003 0.621875 0.16718750000000002 0.22291666666666665
1 0.30859375 0.8739583333333333 0.16718750000000002 0.22291666666666665
1 0.30546875 0.8697916666666666 0.16718750000000002 0.22291666666666665
1 0.25390625 0.196875 0.16718750000000002 0.22291666666666665
1 0.80234375 0.234375 0.16718750000000002 0.22291666666666665
1 0.9453125 0.6385416666666667 0.109375 0.21041666666666667
1 0.1796875 0.8989583333333333 0.16875 0.20208333333333334
1 0.08359375000000001 0.378125 0.1640625 0.22291666666666665
1 0.14765625000000002 0.1 0.1703125 0.19583333333333333
1 0.34296875000000004 0.1 0.1703125 0.19583333333333333
2 0.15234375 0.30104166666666665 0.0546875 0.06875
