1 0.503125 0.9010416666666666 0.215625 0.19791666666666666
1 0.73359375 0.35 0.1859375 0.19583333333333333
1 0.9320312500000001 0.44375 0.13593750000000002 0.19583333333333333
1 0.5328125 0.49374999999999997 0.14375000000000002 0.2
1 0.33203125 0.9020833333333333 0.13593750000000002 0.19583333333333333
1 0.41250000000000003 0.6885416666666666 0.13125 0.17708333333333334
1 0.13046875 0.09583333333333333 0.1859375 0.1875
1 0.24765625000000002 0.5833333333333334 0.1484375 0.17916666666666667
1 0.92578125 0.6333333333333333 0.1484375 0.17916666666666667
1 0.9390625 0.8208333333333333 0.12187500000000001 0.17916666666666667
1 0.63203125 0.496875 0.1234375 0.15625
0 0.44062500000000004 0.23541666666666666 0.22187500000000002 0.26666666666666666
2 0.434375 0.434375 0.046875 0.06041666666666667
2 0.8250000000000001 0.48854166666666665 0.046875 0.06041666666666667
