1 0.31015625 0.49583333333333335 0.1640625 0.24166666666666667
1 0.178125 0.68125 0.203125 0.2125
1 0.1453125 0.3927083333333333 0.1875 0.24791666666666667
1 0.18203125 0.19375 0.18281250000000002 0.2
1 0.4859375 0.7260416666666667 0.1375 0.23541666666666666
1 0.32578125 0.78125 0.1765625 0.22083333333333333
1 0.61484375 0.109375 0.21406250000000002 0.21458333333333332
1 0.16640625 0.903125 0.16718750000000002 0.18125
1 0.6375000000000001 0.8083333333333333 0.19062500000000002 0.2
0 0.7328125000000001 0.403125 0.353125 0.5145833333333333
