1 0.20546875 0.725 0.1390625 0.2
1 0.55859375 0.4822916666666667 0.18281250000000002 0.21458333333333332
1 0.9320312500000001 0.5739583333333333 0.13593750000000002 0.19375
1 0.8765625 0.403125 0.1625 0.21458333333333332
1 0.8625 0.10625 0.16562500000000002 0.20833333333333334
1 0.790625 0.234375 0.16562500000000002 0.21041666666666667
1 0.9171875 0.22604166666666667 0.16562500000000002 0.21041666666666667
1 0.7289062500000001 0.6052083333333333 0.18281250000000002 0.21458333333333332
1 0.58359375 0.8854166666666666 0.1390625 0.19583333333333333
1 0.83984375 0.9145833333333333 0.1453125 0.17083333333333334
1 0.70703125 0.9145833333333333 0.1453125 0.17083333333333334
1 0.08203125 0.9145833333333333 0.1453125 0.17083333333333334
1 0.30234375 0.15833333333333333 0.1296875 0.22083333333333333
0 0.10625000000000001 0.17083333333333334 0.19375 0.3
2 0.55390625 0.11458333333333333 0.0734375 0.08333333333333333
