1 0.7890625 0.4322916666666667 0.15000000000000002 0.18125
1 0.84921875 0.6375 0.1328125 0.1875
1 0.9453125 0.7385416666666667 0.109375 0.21458333333333332
1 0.8210937500000001 0.8312499999999999 0.16718750000000002 0.19166666666666665
1 0.140625 0.7427083333333333 0.14375000000000002 0.19375
1 0.12734375 0.9093749999999999 0.1765625 0.17708333333333334
1 0.28515625 0.6958333333333333 0.1921875 0.25
1 0.32890625 0.40520833333333334 0.15156250000000002 0.22708333333333333
1 0.09140625000000001 0.09166666666666666 0.1234375 0.17916666666666667
1 0.31796875 0.19166666666666665 0.15781250000000002 0.1875
1 0.4296875 0.9322916666666666 0.134375 0.13541666666666666
1 0.22421875000000002 0.20416666666666666 0.15156250000000002 0.25
1 0.9484375 0.5291666666666667 0.10312500000000001 0.19166666666666665
1 0.4265625 0.5552083333333333 0.15000000000000002 0.18125
0 0.52578125 0.3208333333333333 0.3796875 0.475
