1 0.846875 0.634375 0.16875 0.21875
1 0.6875 0.35520833333333335 0.146875 0.18125
1 0.80078125 0.24583333333333332 0.1640625 0.225
1 0.08984375 0.7770833333333333 0.1640625 0.225
1 0.42421875000000003 0.7510416666666666 0.15781250000000002 0.18958333333333333
1 0.49296875 0.13958333333333334 0.15156250000000002 0.20833333333333334
0 0.3765625 0.29791666666666666 0.23750000000000002 0.3
2 0.8859375 0.884375 0.05625 0.08125
2 0.8296875 0.8760416666666666 0.05625 0.08125
1 0.57578125 0.7104166666666667 0.1453125 0.20833333333333334
1 0.7132812500000001 0.7083333333333334 0.1453125 0.20833333333333334
