0 0.54609375 0.46770833333333334 0.3359375 0.4479166666666667
1 0.30390625000000004 0.753125 0.1703125 0.22291666666666665
1 0.23515625 0.865625 0.1703125 0.22291666666666665
1 0.0703125 0.784375 0.1375 0.22291666666666665
1 0.22734375 0.5510416666666667 0.2078125 0.21875
1 0.26796875000000003 0.334375 0.2078125 0.21875
1 0.82734375 0.3260416666666667 0.2078125 0.21875
1 0.9109375000000001 0.29583333333333334 0.178125 0.19583333333333333
1 0.91328125 0.54375 0.17343750000000002 0.2375
1 0.81171875 0.76875 0.17343750000000002 0.2375
1 0.61640625 0.7729166666666667 0.1953125 0.2375
1 0.49609375 0.7895833333333333 0.1953125 0.2375
1 0.5085937500000001 0.9083333333333333 0.1921875 0.18333333333333332
1 0.10546875 0.3260416666666667 0.17343750000000002 0.21041666666666667
1 0.91953125 0.08958333333333333 0.15781250000000002 0.175
2 0.7039062500000001 0.06354166666666666 0.0703125 0.08125
2 0.7992187500000001 0.13645833333333332 0.0703125 0.08125
2 0.11015625000000001 0.46979166666666666 0.0703125 0.08125
