1 0.1171875 0.7072916666666667 0.153125 0.19375
1 0.55390625 0.8270833333333333 0.1921875 0.21666666666666667
1 0.90546875 0.525 0.18906250000000002 0.2625
1 0.8445312500000001 0.1875 0.18906250000000002 0.2625
1 0.7125 0.08229166666666667 0.16875 0.16041666666666665
1 0.5906250000000001 0.6177083333333333 0.15937500000000002 0.19375
1 0.7523437500000001 0.6791666666666667 0.2109375 0.2125
1 0.9328125 0.8177083333333334 0.134375 0.21041666666666667
1 0.07968750000000001 0.9072916666666666 0.15000000000000002 0.18541666666666667
1 0.1921875 0.15520833333333334 0.15937500000000002 0.23124999999999998
1 0.32578125 0.5145833333333333 0.2015625 0.24166666666666667
1 0.28046875 0.7625 0.1796875 0.19583333333333333
