1 0.35625 0.31145833333333334 0.13125 0.19791666666666666
1 0.878125 0.34479166666666666 0.13125 0.19791666666666666
1 0.9343750000000001 0.7260416666666667 0.13125 0.19791666666666666
1 0.31640625 0.525 0.1765625 0.21666666666666667
1 0.47421875 0.4739583333333333 0.15781250000000002 0.22291666666666665
1 0.3671875 0.7208333333333333 0.14375000000000002 0.225
1 0.734375 0.6239583333333333 0.1625 0.22291666666666665
1 0.13671875 0.59375 0.15781250000000002 0.20416666666666666
1 0.2171875 0.09479166666666666 0.19375 0.18541666666666667
1 0.6195312500000001 0.9249999999999999 0.18906250000000002 0.15
1 0.62265625 0.42604166666666665 0.15781250000000002 0.22291666666666665
1 0.9203125000000001 0.525 0.15937500000000002 0.15833333333333333
1 0.1609375 0.3302083333333333 0.1625 0.24375
1 0.1953125 0.790625 0.15937500000000002 0.22708333333333333
2 0.31328125 0.8760416666666666 0.0734375 0.09375
0 0.6796875 0.16979166666666667 0.34375 0.33541666666666664
