1 0.85078125 0.3375 0.1796875 0.23333333333333334
1 0.84765625 0.56875 0.1796875 0.23333333333333334
1 0.084375 0.790625 0.16562500000000002 0.23541666666666666
1 0.7781250000000001 0.76875 0.15937500000000002 0.19583333333333333
1 0.4375 0.21458333333333332 0.15937500000000002 0.19583333333333333
1 0.060937500000000006 0.06875 0.11875000000000001 0.13333333333333333
1 0.584375 0.6489583333333333 0.15937500000000002 0.16041666666666665
1 0.3015625 0.6302083333333334 0.15937500000000002 0.16041666666666665
1 0.42500000000000004 0.3885416666666667 0.15937500000000002 0.16041666666666665
1 0.6109375 0.08125 0.15937500000000002 0.15833333333333333
1 0.36953125000000003 0.825 0.1609375 0.18333333333333332
1 0.19921875 0.30625 0.1609375 0.18333333333333332
1 0.70703125 0.3333333333333333 0.16718750000000002 0.22083333333333333
1 0.65625 0.86875 0.184375 0.21666666666666667
1 0.41328125000000004 0.6604166666666667 0.1171875 0.15
0 0.09531250000000001 0.5364583333333334 0.1875 0.24375
2 0.8515625 0.6489583333333333 0.040625 0.05625
