1 0.5906250000000001 0.253125 0.171875 0.21458333333333332
1 0.7914062500000001 0.3520833333333333 0.20468750000000002 0.20833333333333334
1 0.2734375 0.44687499999999997 0.17500000000000002 0.21041666666666667
1 0.0703125 0.65 0.1375 0.20416666666666666
1 0.7921875 0.7239583333333334 0.17500000000000002 0.21041666666666667
1 0.56875 0.7864583333333334 0.17500000000000002 0.21041666666666667
1 0.1796875 0.759375 0.15625 0.20625
1 0.84375 0.10416666666666667 0.15625 0.20416666666666666
1 0.521875 0.43854166666666666 0.15625 0.20625
0 0.30390625000000004 0.18125 0.3171875 0.35833333333333334
