1 0.42109375000000004 0.37604166666666666 0.19843750000000002 0.23124999999999998
1 0.21328125 0.5208333333333334 0.1546875 0.20416666666666666
1 0.078125 0.10104166666666667 0.15000000000000002 0.19791666666666666
1 0.1453125 0.3052083333333333 0.19375 0.20208333333333334
1 0.51875 0.6270833333333333 0.15000000000000002 0.17916666666666667
1 0.47500000000000003 0.7541666666666667 0.1625 0.23333333333333334
1 0.45156250000000003 0.86875 0.1625 0.23333333333333334
1 0.7015625000000001 0.559375 0.184375 0.17708333333333334
1 0.84921875 0.9249999999999999 0.1765625 0.15
1 0.78046875 0.7510416666666666 0.22031250000000002 0.24791666666666667
1 0.61328125 0.8875 0.1640625 0.225
1 0.8953125000000001 0.103125 0.1875 0.20208333333333334
1 0.30859375 0.8197916666666667 0.1609375 0.21875
1 0.56015625 0.13229166666666667 0.1609375 0.21875
1 0.13046875 0.6760416666666667 0.1609375 0.21875
2 0.42734375 0.146875 0.06406250000000001 0.09791666666666667
2 0.02734375 0.20625 0.051562500000000004 0.1
0 0.72578125 0.30833333333333335 0.31093750000000003 0.35
