1 0.09609375 0.8395833333333333 0.1796875 0.20416666666666666
1 0.14921875 0.6302083333333334 0.2078125 0.2895833333333333
1 0.15000000000000002 0.459375 0.178125 0.19375
1 0.26875 0.48541666666666666 0.10625000000000001 0.2708333333333333
1 0.09921875000000001 0.08333333333333333 0.1296875 0.1625
1 0.48671875000000003 0.21145833333333333 0.1609375 0.23124999999999998
1 0.6664062500000001 0.11979166666666667 0.13593750000000002 0.17708333333333334
1 0.34921875 0.3072916666666667 0.1703125 0.18125
1 0.39609375 0.5645833333333333 0.1859375 0.18333333333333332
1 0.33984375 0.78125 0.1796875 0.2375
1 0.45078125 0.7854166666666667 0.1796875 0.2375
1 0.64609375 0.759375 0.1796875 0.26458333333333334
1 0.20703125 0.225 0.1203125 0.275
1 0.08515625 0.278125 0.1609375 0.18958333333333333
1 0.28125 0.12083333333333333 0.153125 0.22916666666666666
1 0.92578125 0.490625 0.1484375 0.28541666666666665
1 0.8078125 0.9375 0.1875 0.125
2 0.75 0.7708333333333334 0.0625 0.09583333333333333
0 0.6585937500000001 0.47604166666666664 0.35781250000000003 0.41875
