1 0.1390625 0.6697916666666667 0.15000000000000002 0.20625
1 0.1546875 0.8052083333333333 0.16562500000000002 0.21458333333333332
1 0.384375 0.7947916666666667 0.16562500000000002 0.21458333333333332
1 0.40468750000000003 0.6322916666666667 0.16562500000000002 0.21458333333333332
1 0.31015625 0.615625 0.1328125 0.18541666666666667
1 0.728125 0.49374999999999997 0.15937500000000002 0.19166666666666665
1 0.8890625000000001 0.45416666666666666 0.2 0.19166666666666665
1 0.35390625000000003 0.296875 0.15781250000000002 0.20625
1 0.07734375 0.353125 0.15156250000000002 0.23958333333333334
1 0.13203125000000002 0.13229166666666667 0.2015625 0.21458333333333332
1 0.9187500000000001 0.2604166666666667 0.1625 0.24166666666666667
1 0.8609375 0.8937499999999999 0.2 0.17916666666666667
1 0.6265625 0.7583333333333333 0.1625 0.24166666666666667
0 0.62890625 0.22708333333333333 0.4390625 0.45
