1 0.8828125 0.41770833333333335 0.17500000000000002 0.22291666666666665
1 0.7484375000000001 0.42083333333333334 0.109375 0.23333333333333334
1 0.6265625 0.5697916666666667 0.17500000000000002 0.22708333333333333
1 0.5421875 0.8177083333333334 0.1875 0.21875
1 0.06796875000000001 0.41562499999999997 0.1328125 0.18958333333333333
1 0.540625 0.2760416666666667 0.134375 0.18958333333333333
1 0.6609375000000001 0.11979166666666667 0.134375 0.18958333333333333
1 0.9390625 0.6260416666666666 0.11875000000000001 0.20625
1 0.20703125 0.10416666666666667 0.1546875 0.20416666666666666
1 0.16796875 0.28020833333333334 0.17343750000000002 0.19375
0 0.14765625000000002 0.715625 0.2890625 0.40208333333333335
2 0.9390625 0.915625 0.06875 0.06875
1 0.5625 0.746875 0.153125 0.14791666666666667
1 0.3609375 0.5145833333333333 0.178125 0.15
