1 0.63671875 0.10625 0.1703125 0.20833333333333334
1 0.5453125 0.346875 0.16562500000000002 0.28541666666666665
1 0.56796875 0.6729166666666666 0.18906250000000002 0.24583333333333332
1 0.171875 0.2677083333333333 0.19062500000000002 0.27708333333333335
1 0.39375000000000004 0.14375 0.146875 0.2
1 0.9390625 0.090625 0.12187500000000001 0.17708333333333334
1 0.36328125 0.475 0.1859375 0.2375
1 0.921875 0.6552083333333333 0.15625 0.18958333333333333
1 0.89609375 0.8135416666666666 0.1859375 0.20208333333333334
1 0.53671875 0.9 0.1234375 0.2
1 0.9484375 0.45416666666666666 0.10312500000000001 0.25
1 0.0546875 0.825 0.10625000000000001 0.24583333333333332
1 0.055468750000000004 0.37083333333333335 0.1078125 0.19166666666666665
1 0.4734375 0.12291666666666666 0.146875 0.2
0 0.77734375 0.30104166666666665 0.2328125 0.28541666666666665
