1 0.44296875 0.12916666666666665 0.1703125 0.22916666666666666
1 0.4890625 0.58125 0.171875 0.225
1 0.20625000000000002 0.5833333333333334 0.171875 0.225
1 0.25 0.2916666666666667 0.225 0.3416666666666667
1 0.83359375 0.753125 0.2015625 0.24375
1 0.7156250000000001 0.6802083333333333 0.178125 0.22291666666666665
1 0.33437500000000003 0.7666666666666666 0.171875 0.225
1 0.8359375 0.5864583333333333 0.178125 0.22291666666666665
1 0.10312500000000001 0.7625 0.171875 0.225
0 0.55390625 0.8677083333333333 0.2671875 0.26458333333333334
2 0.3140625 0.471875 0.06875 0.07708333333333334
2 0.21250000000000002 0.036458333333333336 0.065625 0.06875
