1 0.12265625000000001 0.6354166666666666 0.18281250000000002 0.20833333333333334
1 0.26484375 0.790625 0.16718750000000002 0.21041666666666667
1 0.09140625000000001 0.8572916666666667 0.16718750000000002 0.21041666666666667
1 0.41484375 0.6697916666666667 0.17343750000000002 0.27708333333333335
1 0.85859375 0.39479166666666665 0.16718750000000002 0.21041666666666667
1 0.9304687500000001 0.10625 0.1390625 0.20833333333333334
1 0.8562500000000001 0.63125 0.16875 0.24166666666666667
1 0.9242187500000001 0.8447916666666666 0.15156250000000002 0.25625
1 0.08515625 0.31666666666666665 0.16718750000000002 0.24166666666666667
1 0.290625 0.1 0.171875 0.19583333333333333
1 0.26796875000000003 0.4770833333333333 0.1703125 0.24583333333333332
1 0.6875 0.8083333333333333 0.16875 0.2916666666666667
0 0.46484375 0.24791666666666667 0.2921875 0.4458333333333333
2 0.58515625 0.4583333333333333 0.07968750000000001 0.10833333333333334
2 0.58515625 0.765625 0.060937500000000006 0.07291666666666667
2 0.7406250000000001 0.9697916666666666 0.0625 0.06041666666666667
