1 0.74921875 0.49374999999999997 0.18281250000000002 0.21666666666666667
1 0.32421875 0.5395833333333333 0.18281250000000002 0.21666666666666667
1 0.19921875 0.38958333333333334 0.1296875 0.18333333333333332
1 0.23984375000000002 0.16041666666666665 0.17343750000000002 0.25
1 0.084375 0.11458333333333333 0.16562500000000002 0.225
1 0.10546875 0.6375 0.1796875 0.23333333333333334
1 0.09062500000000001 0.8822916666666667 0.178125 0.23541666666666666
1 0.278125 0.778125 0.153125 0.20625
1 0.54453125 0.5479166666666666 0.18281250000000002 0.21666666666666667
1 0.84921875 0.109375 0.18281250000000002 0.21458333333333332
1 0.6640625 0.08333333333333333 0.178125 0.1625
1 0.7609375 0.8 0.15937500000000002 0.21666666666666667
1 0.94296875 0.7322916666666667 0.11406250000000001 0.21875
1 0.51171875 0.33541666666666664 0.1953125 0.24583333333333332
0 0.5164062500000001 0.8156249999999999 0.3515625 0.36875
2 0.33671875 0.23541666666666666 0.0921875 0.11666666666666667
2 0.36250000000000004 0.057291666666666664 0.08125 0.11041666666666666
2 0.021875000000000002 0.7520833333333333 0.040625 0.07916666666666666
