1 0.7875000000000001 0.2739583333333333 0.15937500000000002 0.21041666666666667
1 0.83984375 0.4979166666666667 0.1921875 0.2833333333333333
1 0.6257812500000001 0.55 0.1703125 0.21666666666666667
1 0.11796875000000001 0.3333333333333333 0.1609375 0.19583333333333333
1 0.353125 0.16875 0.19687500000000002 0.20833333333333334
1 0.2015625 0.7135416666666666 0.14375000000000002 0.16458333333333333
1 0.56015625 0.24791666666666667 0.1703125 0.22916666666666666
1 0.16640625 0.22708333333333333 0.1453125 0.2
1 0.34296875000000004 0.7572916666666667 0.1421875 0.17708333333333334
1 0.37734375000000003 0.42604166666666665 0.15781250000000002 0.16875
1 0.21953125 0.47604166666666664 0.1546875 0.19791666666666666
1 0.3375 0.5 0.146875 0.15833333333333333
1 0.7875000000000001 0.7020833333333333 0.0 0.0
0 0.58828125 0.840625 0.4140625 0.31875
