1 0.45390625 0.6479166666666667 0.1609375 0.19166666666666665
1 0.34296875000000004 0.096875 0.1609375 0.18958333333333333
1 0.6671875 0.3260416666666667 0.1625 0.22708333333333333
1 0.87421875 0.3645833333333333 0.1921875 0.25416666666666665
1 0.3953125 0.296875 0.17500000000000002 0.21041666666666667
1 0.08984375 0.26145833333333335 0.1703125 0.20625
1 0.6351562500000001 0.55625 0.15781250000000002 0.2375
1 0.2109375 0.46875 0.178125 0.2583333333333333
1 0.8210937500000001 0.7833333333333333 0.1796875 0.24583333333333332
1 0.24609375 0.9041666666666667 0.1609375 0.19166666666666665
2 0.2703125 0.721875 0.084375 0.08958333333333333
2 0.37265625 0.559375 0.0671875 0.08958333333333333
2 0.56640625 0.6729166666666666 0.0703125 0.09583333333333333
0 0.59296875 0.8677083333333333 0.2484375 0.26458333333333334
