1 0.3875 0.7208333333333333 0.146875 0.19166666666666665
1 0.53359375 0.8177083333333334 0.1265625 0.19375
1 0.91796875 0.5322916666666666 0.1640625 0.23541666666666666
1 0.31484375000000003 0.3260416666666667 0.22031250000000002 0.23541666666666666
1 0.15781250000000002 0.6479166666666667 0.20625000000000002 0.2375
1 0.8617187500000001 0.9010416666666666 0.18281250000000002 0.19791666666666666
1 0.5921875 0.1625 0.20625000000000002 0.19583333333333333
1 0.24609375 0.8989583333333333 0.16718750000000002 0.20208333333333334
1 0.821875 0.340625 0.16875 0.20625
1 0.9281250000000001 0.7510416666666666 0.14375000000000002 0.21041666666666667
0 0.53828125 0.5010416666666666 0.33906250000000004 0.4770833333333333
