1 0.85703125 0.51875 0.2015625 0.225
1 0.9078125 0.7239583333333334 0.17500000000000002 0.20208333333333334
1 0.25234375000000003 0.41770833333333335 0.20468750000000002 0.18125
1 0.2828125 0.6854166666666667 0.0 0.0
1 0.49375 0.528125 0.1875 0.22291666666666665
1 0.9085937500000001 0.125 0.18281250000000002 0.24583333333333332
1 0.12890625 0.10729166666666666 0.15781250000000002 0.19375
1 0.26015625000000003 0.17395833333333333 0.1078125 0.25625
1 0.59921875 0.8010416666666667 0.1421875 0.24791666666666667
2 0.03828125 0.803125 0.0734375 0.10208333333333333
2 0.146875 0.48020833333333335 0.07500000000000001 0.10208333333333333
0 0.47500000000000003 0.16041666666666665 0.37812500000000004 0.31666666666666665
