1 0.18125000000000002 0.453125 0.153125 0.21041666666666667
1 0.3671875 0.23645833333333333 0.153125 0.21041666666666667
1 0.22890625 0.2833333333333333 0.1484375 0.15833333333333333
1 0.33906250000000004 0.5229166666666667 0.171875 0.225
1 0.45937500000000003 0.39375 0.2 0.22916666666666666
1 0.759375 0.8583333333333333 0.17500000000000002 0.19166666666666665
1 0.8734375000000001 0.9104166666666667 0.15625 0.17916666666666667
1 0.7523437500000001 0.6427083333333333 0.20468750000000002 0.21875
1 0.8523437500000001 0.371875 0.15781250000000002 0.21875
1 0.11953125 0.17604166666666665 0.22031250000000002 0.21875
1 0.6273437500000001 0.45729166666666665 0.15781250000000002 0.24791666666666667
0 0.36015625 0.8052083333333333 0.3765625 0.3854166666666667
2 0.28046875 0.15208333333333332 0.051562500000000004 0.06666666666666667
