1 0.246875 0.225 0.19062500000000002 0.20416666666666666
1 0.415625 0.18541666666666667 0.16562500000000002 0.2125
1 0.26484375 0.6375 0.17343750000000002 0.21666666666666667
1 0.9085937500000001 0.53125 0.16718750000000002 0.19166666666666665
1 0.56640625 0.29375 0.16718750000000002 0.19166666666666665
1 0.6140625000000001 0.27708333333333335 0.15625 0.16666666666666666
1 0.7718750000000001 0.19791666666666666 0.15625 0.16666666666666666
1 0.10390625 0.5197916666666667 0.2015625 0.2604166666666667
1 0.23203125000000002 0.8635416666666667 0.1640625 0.21875
1 0.7367187500000001 0.7364583333333333 0.15156250000000002 0.18541666666666667
1 0.8625 0.8833333333333333 0.19062500000000002 0.23333333333333334
1 0.375 0.3802083333333333 0.184375 0.20208333333333334
1 0.5390625 0.8385416666666666 0.17500000000000002 0.20625
1 0.065625 0.165625 0.12812500000000002 0.23124999999999998
0 0.5359375000000001 0.5395833333333333 0.22812500000000002 0.2791666666666667
2 0.16171875000000002 0.3875 0.0703125 0.075
