0 0.28359375000000003 0.684375 0.2828125 0.30625
2 0.75 0.21041666666666667 0.05625 0.075
2 0.7117187500000001 0.084375 0.08281250000000001 0.10208333333333333
2 0.2859375 0.9354166666666667 0.05625 0.075
1 0.89609375 0.665625 0.1859375 0.21875
1 0.41953125 0.4239583333333333 0.1859375 0.21875
1 0.47890625000000003 0.3572916666666667 0.1859375 0.21875
1 0.57734375 0.390625 0.1859375 0.21875
1 0.6492187500000001 0.3802083333333333 0.1859375 0.21875
1 0.71640625 0.428125 0.1859375 0.21875
1 0.7757812500000001 0.44479166666666664 0.1859375 0.21875
1 0.8835937500000001 0.39479166666666665 0.1859375 0.21875
1 0.26953125 0.11041666666666666 0.1859375 0.21666666666666667
1 0.43203125000000003 0.11041666666666666 0.1859375 0.21666666666666667
1 0.54921875 0.165625 0.1859375 0.21875
1 0.07890625000000001 0.5145833333333333 0.1546875 0.2708333333333333
1 0.6531250000000001 0.9145833333333333 0.1875 0.17083333333333334
