0 0.5867187500000001 0.5760416666666667 0.3609375 0.4145833333333333
1 0.20468750000000002 0.803125 0.16562500000000002 0.20625
1 0.18125000000000002 0.596875 0.16562500000000002 0.20625
1 0.41718750000000004 0.8572916666666667 0.16562500000000002 0.20625
1 0.71875 0.8302083333333333 0.14375000000000002 0.19375
1 0.93359375 0.8447916666666666 0.1328125 0.20625
1 0.8093750000000001 0.9291666666666667 0.153125 0.14166666666666666
1 0.06875 0.8020833333333334 0.134375 0.21666666666666667
1 0.07734375 0.9229166666666666 0.1421875 0.15416666666666667
1 0.3140625 0.2583333333333333 0.14375000000000002 0.20833333333333334
1 0.08984375 0.25625 0.1453125 0.1625
1 0.9164062500000001 0.18541666666666667 0.1640625 0.20833333333333334
1 0.92734375 0.5104166666666666 0.1453125 0.20833333333333334
1 0.67890625 0.12708333333333333 0.1453125 0.20833333333333334
1 0.33984375 0.46875 0.1453125 0.20833333333333334
1 0.49531250000000004 0.0875 0.178125 0.17083333333333334
1 0.446875 0.2760416666666667 0.178125 0.17291666666666666
1 0.19765625 0.39479166666666665 0.1796875 0.18958333333333333
1 0.8406250000000001 0.37604166666666666 0.17500000000000002 0.20625
1 0.65 0.2760416666666667 0.15000000000000002 0.18125
