0 0.33828125000000003 0.4739583333333333 0.3359375 0.38958333333333334
1 0.75 0.590625 0.15000000000000002 0.17291666666666666
1 0.8718750000000001 0.31979166666666664 0.15000000000000002 0.17291666666666666
1 0.8406250000000001 0.8708333333333333 0.17500000000000002 0.2375
1 0.18828125 0.6833333333333333 0.1421875 0.19583333333333333
1 0.14453125 0.065625 0.1703125 0.12708333333333333
1 0.5296875 0.17083333333333334 0.15937500000000002 0.20416666666666666
1 0.7328125000000001 0.26145833333333335 0.18125000000000002 0.24791666666666667
1 0.08046875 0.2916666666666667 0.15781250000000002 0.24166666666666667
1 0.06406250000000001 0.6822916666666666 0.125 0.18541666666666667
1 0.06171875 0.7416666666666667 0.1203125 0.17083333333333334
1 0.671875 0.8624999999999999 0.12187500000000001 0.17083333333333334
2 0.2265625 0.13333333333333333 0.05625 0.07083333333333333
