1 0.52734375 0.7625 0.18281250000000002 0.23333333333333334
1 0.675 0.48541666666666666 0.184375 0.175
1 0.7820312500000001 0.8364583333333333 0.16718750000000002 0.19375
1 0.8695312500000001 0.43854166666666666 0.1640625 0.22708333333333333
1 0.85859375 0.7270833333333333 0.15781250000000002 0.19166666666666665
1 0.7273437500000001 0.9302083333333333 0.1453125 0.13958333333333334
1 0.15703125 0.8364583333333333 0.1296875 0.20208333333333334
1 0.39453125 0.34479166666666666 0.1546875 0.19791666666666666
1 0.8382812500000001 0.11354166666666667 0.1546875 0.19791666666666666
1 0.65625 0.29270833333333335 0.184375 0.19375
1 0.12265625000000001 0.12395833333333334 0.1546875 0.19791666666666666
1 0.23125 0.30625 0.1625 0.1875
1 0.43671875000000004 0.11145833333333333 0.1609375 0.20625
1 0.5921875 0.08333333333333333 0.16875 0.1625
1 0.27109375 0.10416666666666667 0.1484375 0.20416666666666666
1 0.08359375000000001 0.5010416666666666 0.1640625 0.18541666666666667
0 0.321875 0.6729166666666666 0.278125 0.3875
