1 0.0703125 0.6645833333333333 0.1375 0.24583333333333332
1 0.19843750000000002 0.34791666666666665 0.171875 0.2583333333333333
1 0.60078125 0.5552083333333333 0.1390625 0.21458333333333332
1 0.4109375 0.6010416666666667 0.178125 0.17291666666666666
1 0.5437500000000001 0.753125 0.19062500000000002 0.21041666666666667
1 0.35625 0.8302083333333333 0.19062500000000002 0.21041666666666667
1 0.6234375000000001 0.11354166666666667 0.15000000000000002 0.20208333333333334
1 0.7312500000000001 0.2677083333333333 0.2 0.17708333333333334
1 0.790625 0.8895833333333333 0.17500000000000002 0.22083333333333333
1 0.77890625 0.646875 0.19843750000000002 0.21458333333333332
1 0.12890625 0.8927083333333333 0.1859375 0.21458333333333332
1 0.325 0.121875 0.15000000000000002 0.20208333333333334
1 0.8703125 0.40729166666666666 0.15000000000000002 0.20208333333333334
1 0.81640625 0.08125 0.15156250000000002 0.15833333333333333
0 0.45390625 0.321875 0.32343750000000004 0.46041666666666664
