1 0.3140625 0.4270833333333333 0.134375 0.20416666666666666
1 0.22031250000000002 0.4270833333333333 0.134375 0.20416666666666666
1 0.30390625000000004 0.8302083333333333 0.15156250000000002 0.20208333333333334
1 0.58203125 0.8989583333333333 0.15156250000000002 0.20208333333333334
1 0.46640625 0.5854166666666667 0.1296875 0.2375
1 0.87890625 0.6708333333333333 0.1546875 0.23333333333333334
1 0.9515625000000001 0.29375 0.096875 0.22916666666666666
0 0.6703125000000001 0.5895833333333333 0.34687500000000004 0.4
1 0.29609375 0.24270833333333333 0.1640625 0.19791666666666666
1 0.45390625 0.21145833333333333 0.1640625 0.19791666666666666
1 0.55625 0.14583333333333334 0.178125 0.2
