1 0.7093750000000001 0.7916666666666666 0.153125 0.20416666666666666
1 0.63046875 0.540625 0.1609375 0.21875
1 0.5796875 0.2947916666666667 0.12187500000000001 0.21458333333333332
1 0.8953125000000001 0.4270833333333333 0.140625 0.20416666666666666
1 0.8656250000000001 0.7625 0.140625 0.20416666666666666
1 0.16640625 0.9114583333333334 0.1703125 0.17708333333333334
1 0.35390625000000003 0.359375 0.15781250000000002 0.16875
1 0.92890625 0.20729166666666665 0.1421875 0.21041666666666667
1 0.81953125 0.628125 0.1609375 0.21875
0 0.33984375 0.678125 0.3046875 0.46041666666666664
