0 0.42265625 0.6958333333333333 0.2328125 0.3208333333333333
0 0.09531250000000001 0.20208333333333334 0.1875 0.2375
1 0.21640625000000002 0.8791666666666667 0.22031250000000002 0.2125
1 0.17421875 0.6989583333333333 0.1328125 0.19791666666666666
1 0.7234375000000001 0.22395833333333334 0.16875 0.22291666666666665
1 0.1609375 0.40729166666666666 0.16875 0.22291666666666665
1 0.4078125 0.234375 0.16875 0.22291666666666665
1 0.35000000000000003 0.41354166666666664 0.16875 0.22291666666666665
1 0.5546875 0.159375 0.16875 0.22291666666666665
1 0.8703125 0.4614583333333333 0.16875 0.22291666666666665
1 0.8968750000000001 0.3072916666666667 0.16875 0.22291666666666665
1 0.8734375000000001 0.17395833333333333 0.16875 0.22291666666666665
1 0.8890625000000001 0.9322916666666666 0.16562500000000002 0.13541666666666666
1 0.0625 0.7895833333333333 0.12187500000000001 0.23333333333333334
2 0.83984375 0.8229166666666666 0.0546875 0.075
2 0.90390625 0.8 0.0546875 0.075
2 0.5789062500000001 0.9416666666666667 0.0546875 0.075
2 0.20625000000000002 0.2947916666666667 0.05625 0.06458333333333333
1 0.67890625 0.7614583333333333 0.1484375 0.19375
2 0.81171875 0.6833333333333333 0.0546875 0.075
