1 0.5796875 0.4979166666666667 0.171875 0.15416666666666667
1 0.6484375 0.14583333333333334 0.140625 0.22083333333333333
1 0.36484375 0.11979166666666667 0.1796875 0.23124999999999998
1 0.0765625 0.6208333333333333 0.15000000000000002 0.275
1 0.21875 0.5635416666666666 0.1625 0.22291666666666665
1 0.3953125 0.496875 0.15937500000000002 0.18541666666666667
1 0.6687500000000001 0.6895833333333333 0.15000000000000002 0.24166666666666667
1 0.8046875 0.6010416666666667 0.140625 0.3104166666666667
1 0.93671875 0.59375 0.1265625 0.30416666666666664
1 0.8890625000000001 0.2625 0.17500000000000002 0.2125
1 0.6414062500000001 0.3333333333333333 0.1765625 0.18333333333333332
1 0.70703125 0.9083333333333333 0.1765625 0.18333333333333332
2 0.22968750000000002 0.371875 0.0625 0.09375
0 0.38046875 0.7854166666666667 0.3484375 0.42916666666666664
