1 0.5593750000000001 0.5864583333333333 0.15937500000000002 0.19375
1 0.603125 0.375 0.17500000000000002 0.19583333333333333
1 0.38593750000000004 0.4270833333333333 0.171875 0.22916666666666666
1 0.484375 0.09791666666666667 0.17500000000000002 0.19166666666666665
1 0.15000000000000002 0.13333333333333333 0.1375 0.2
1 0.12734375 0.621875 0.1703125 0.18958333333333333
1 0.60703125 0.21562499999999998 0.1703125 0.18958333333333333
1 0.47734375 0.765625 0.16718750000000002 0.21041666666666667
1 0.38515625000000003 0.684375 0.1453125 0.2604166666666667
1 0.83359375 0.4197916666666667 0.1765625 0.15208333333333332
1 0.7765625 0.346875 0.16562500000000002 0.15625
0 0.73984375 0.8854166666666666 0.22968750000000002 0.22916666666666666
