1 0.6000000000000001 0.259375 0.140625 0.17291666666666666
1 0.51328125 0.178125 0.1421875 0.18125
1 0.521875 0.4875 0.153125 0.22083333333333333
1 0.36875 0.5489583333333333 0.153125 0.19375
1 0.7132812500000001 0.46770833333333334 0.17343750000000002 0.22708333333333333
1 0.86328125 0.578125 0.1765625 0.24375
1 0.7640625000000001 0.6625 0.15937500000000002 0.2375
1 0.9078125 0.325 0.15937500000000002 0.2375
1 0.1765625 0.5708333333333333 0.15937500000000002 0.2375
1 0.060937500000000006 0.4375 0.11875000000000001 0.23333333333333334
1 0.3375 0.3229166666666667 0.17500000000000002 0.23333333333333334
1 0.6195312500000001 0.06145833333333333 0.1640625 0.11875
1 0.78828125 0.06145833333333333 0.1640625 0.11875
1 0.36015625 0.946875 0.1421875 0.10625
0 0.53359375 0.775 0.29531250000000003 0.3208333333333333
2 0.0203125 0.128125 0.037500000000000006 0.08541666666666667
