1 0.14609375 0.5385416666666667 0.17343750000000002 0.25625
1 0.13593750000000002 0.25729166666666664 0.17500000000000002 0.21041666666666667
1 0.2421875 0.19375 0.146875 0.2
1 0.6640625 0.3833333333333333 0.146875 0.2
1 0.35000000000000003 0.696875 0.18125000000000002 0.18541666666666667
1 0.15625 0.9072916666666666 0.18125000000000002 0.18541666666666667
1 0.909375 0.22916666666666666 0.18125000000000002 0.2
1 0.48125 0.54375 0.203125 0.24166666666666667
1 0.56015625 0.8208333333333333 0.1640625 0.22083333333333333
1 0.89765625 0.43854166666666666 0.18281250000000002 0.21875
0 0.4375 0.1375 0.33437500000000003 0.2708333333333333
