1 0.39296875000000003 0.8010416666666667 0.1609375 0.20208333333333334
1 0.06796875000000001 0.8729166666666667 0.1328125 0.20416666666666666
1 0.540625 0.31875 0.234375 0.16666666666666666
1 0.35859375000000004 0.6020833333333333 0.1953125 0.16666666666666666
1 0.465625 0.14270833333333333 0.1875 0.18541666666666667
1 0.18281250000000002 0.12083333333333333 0.1625 0.2125
1 0.5578125 0.6333333333333333 0.16562500000000002 0.22083333333333333
1 0.7078125000000001 0.5625 0.18125000000000002 0.20833333333333334
1 0.74609375 0.740625 0.18906250000000002 0.21458333333333332
1 0.90234375 0.3302083333333333 0.17343750000000002 0.23124999999999998
1 0.8914062500000001 0.5010416666666666 0.1421875 0.23124999999999998
1 0.5921875 0.9260416666666667 0.15625 0.14791666666666667
2 0.8375 0.8864583333333333 0.07187500000000001 0.08541666666666667
2 0.9773437500000001 0.6541666666666667 0.045312500000000006 0.0625
0 0.13203125000000002 0.396875 0.2609375 0.41041666666666665
2 0.034375 0.057291666666666664 0.05625 0.06041666666666667
