1 0.665625 0.6854166666666667 0.171875 0.2125
1 0.9171875 0.44687499999999997 0.153125 0.19791666666666666
1 0.8562500000000001 0.22916666666666666 0.15937500000000002 0.20416666666666666
1 0.23125 0.565625 0.134375 0.21041666666666667
1 0.41796875 0.8156249999999999 0.1328125 0.17708333333333334
1 0.1703125 0.6489583333333333 0.134375 0.18958333333333333
1 0.07265625 0.07604166666666666 0.1421875 0.14791666666666667
1 0.11328125 0.403125 0.1296875 0.17291666666666666
1 0.6585937500000001 0.41354166666666664 0.1390625 0.18958333333333333
1 0.496875 0.171875 0.19375 0.22708333333333333
1 0.1703125 0.20520833333333333 0.14375000000000002 0.23124999999999998
1 0.73046875 0.23958333333333334 0.1546875 0.2125
1 0.54921875 0.8510416666666667 0.1390625 0.18958333333333333
0 0.42031250000000003 0.459375 0.284375 0.3770833333333333
2 0.07890625000000001 0.8989583333333333 0.0671875 0.07291666666666667
