1 0.36640625000000004 0.5166666666666666 0.20468750000000002 0.2875
1 0.7367187500000001 0.821875 0.15156250000000002 0.24375
1 0.9070312500000001 0.8677083333333333 0.15156250000000002 0.24375
1 0.6257812500000001 0.18125 0.1484375 0.2
1 0.6218750000000001 0.384375 0.16562500000000002 0.2520833333333333
1 0.565625 0.6114583333333333 0.16562500000000002 0.2520833333333333
1 0.9148437500000001 0.43645833333333334 0.16718750000000002 0.24375
1 0.8187500000000001 0.2635416666666667 0.215625 0.23958333333333334
1 0.109375 0.525 0.20625000000000002 0.26666666666666666
1 0.2515625 0.284375 0.184375 0.24791666666666667
0 0.35859375000000004 0.8125 0.3296875 0.375
2 0.94921875 0.31354166666666666 0.0578125 0.06875
