1 0.44609375 0.5916666666666667 0.1765625 0.19166666666666665
1 0.328125 0.4197916666666667 0.18125000000000002 0.23124999999999998
1 0.325 0.41562499999999997 0.18125000000000002 0.23124999999999998
1 0.19453125000000002 0.5177083333333333 0.1703125 0.21458333333333332
1 0.0859375 0.08645833333333333 0.15000000000000002 0.16875
1 0.8140625 0.15520833333333334 0.1625 0.19375
1 0.8515625 0.38958333333333334 0.15937500000000002 0.20833333333333334
1 0.1078125 0.7291666666666666 0.13125 0.1875
1 0.13593750000000002 0.3125 0.13125 0.1875
1 0.115625 0.49166666666666664 0.13125 0.1875
1 0.58125 0.6552083333333333 0.10312500000000001 0.21875
1 0.6468750000000001 0.21354166666666666 0.14375000000000002 0.18125
1 0.7273437500000001 0.38125 0.15781250000000002 0.17916666666666667
1 0.61640625 0.928125 0.15781250000000002 0.13958333333333334
1 0.29531250000000003 0.6229166666666667 0.140625 0.20416666666666666
0 0.7718750000000001 0.6864583333333333 0.30000000000000004 0.42291666666666666
2 0.51015625 0.8375 0.06406250000000001 0.07916666666666666
