0 0.7515625 0.7520833333333333 0.1875 0.24583333333333332
1 0.37343750000000003 0.3458333333333333 0.1625 0.24583333333333332
1 0.50546875 0.28020833333333334 0.1609375 0.18958333333333333
1 0.47265625 0.459375 0.1609375 0.18958333333333333
1 0.49921875000000004 0.509375 0.1609375 0.18958333333333333
1 0.91015625 0.39791666666666664 0.16718750000000002 0.25416666666666665
1 0.9320312500000001 0.5072916666666667 0.13593750000000002 0.21875
1 0.81640625 0.5572916666666666 0.13593750000000002 0.21875
1 0.7679687500000001 0.496875 0.13593750000000002 0.21875
1 0.70859375 0.47812499999999997 0.13593750000000002 0.21875
1 0.6335937500000001 0.434375 0.13593750000000002 0.21875
1 0.88046875 0.178125 0.13593750000000002 0.21875
1 0.81640625 0.16354166666666667 0.13593750000000002 0.21875
1 0.67578125 0.140625 0.13593750000000002 0.21875
1 0.21796875000000002 0.8885416666666667 0.13593750000000002 0.18541666666666667
1 0.08984375 0.759375 0.13593750000000002 0.18541666666666667
1 0.09453125000000001 0.25104166666666666 0.13593750000000002 0.18541666666666667
1 0.10078125 0.38958333333333334 0.15781250000000002 0.2125
1 0.13671875 0.46249999999999997 0.15781250000000002 0.2125
1 0.15234375 0.08958333333333333 0.1546875 0.15833333333333333
1 0.25390625 0.10625 0.1546875 0.15833333333333333
1 0.27421875 0.14375 0.1546875 0.15833333333333333
1 0.9242187500000001 0.8072916666666666 0.15156250000000002 0.21875
1 0.58984375 0.9541666666666666 0.1453125 0.09166666666666666
1 0.36796875 0.7458333333333333 0.1765625 0.22083333333333333
1 0.31484375000000003 0.6125 0.1765625 0.22083333333333333
1 0.23671875 0.5770833333333333 0.1765625 0.22083333333333333
2 0.2390625 0.2791666666666667 0.065625 0.09583333333333333
2 0.5945312500000001 0.17083333333333334 0.051562500000000004 0.07916666666666666
1 0.08046875 0.6197916666666666 0.15781250000000002 0.20625
