1 0.7406250000000001 0.22291666666666665 0.16875 0.20416666666666666
1 0.8078125 0.3541666666666667 0.16875 0.20416666666666666
1 0.50234375 0.075 0.17343750000000002 0.14583333333333334
1 0.54296875 0.16354166666666667 0.17343750000000002 0.14791666666666667
1 0.8015625000000001 0.828125 0.16875 0.19375
1 0.10312500000000001 0.5333333333333333 0.16875 0.20833333333333334
1 0.28750000000000003 0.2604166666666667 0.16875 0.20833333333333334
1 0.8718750000000001 0.578125 0.1625 0.23124999999999998
1 0.084375 0.16458333333333333 0.16562500000000002 0.2833333333333333
0 0.434375 0.7447916666666666 0.3375 0.39791666666666664
2 0.48515625 0.315625 0.060937500000000006 0.08125
2 0.63984375 0.41770833333333335 0.060937500000000006 0.08125
