1 0.6765625000000001 0.43645833333333334 0.140625 0.21875
1 0.49921875000000004 0.9010416666666666 0.16718750000000002 0.19791666666666666
1 0.64453125 0.8552083333333333 0.16718750000000002 0.19791666666666666
1 0.5734375 0.68125 0.19062500000000002 0.22083333333333333
1 0.18281250000000002 0.7270833333333333 0.19062500000000002 0.22083333333333333
1 0.23750000000000002 0.4739583333333333 0.15000000000000002 0.21458333333333332
1 0.703125 0.13125 0.2 0.24583333333333332
1 0.7734375 0.9052083333333333 0.14375000000000002 0.18958333333333333
1 0.7328125000000001 0.6416666666666666 0.1375 0.23333333333333334
1 0.43828125 0.07604166666666666 0.15781250000000002 0.14791666666666667
0 0.45390625 0.3614583333333333 0.3765625 0.48541666666666666
