1 0.30234375 0.6645833333333333 0.1484375 0.21666666666666667
1 0.153125 0.6375 0.16875 0.22083333333333333
1 0.3171875 0.36875 0.16875 0.22083333333333333
1 0.7734375 0.7395833333333334 0.171875 0.24583333333333332
1 0.50625 0.33958333333333335 0.171875 0.24583333333333332
1 0.91328125 0.31979166666666664 0.1703125 0.19375
1 0.89453125 0.475 0.1703125 0.22916666666666666
1 0.9148437500000001 0.16770833333333332 0.1703125 0.20625
1 0.50390625 0.11875 0.16718750000000002 0.2125
0 0.52578125 0.6635416666666667 0.33906250000000004 0.4770833333333333
