1 0.6625000000000001 0.33958333333333335 0.234375 0.17916666666666667
1 0.609375 0.6552083333333333 0.146875 0.17708333333333334
1 0.36484375 0.6979166666666666 0.1546875 0.17916666666666667
1 0.47265625 0.5895833333333333 0.1546875 0.17916666666666667
1 0.7132812500000001 0.703125 0.15156250000000002 0.23124999999999998
1 0.29921875000000003 0.49895833333333334 0.15156250000000002 0.21041666666666667
1 0.55390625 0.17916666666666667 0.1546875 0.17916666666666667
1 0.66015625 0.13333333333333333 0.1546875 0.17916666666666667
1 0.79453125 0.21875 0.15781250000000002 0.22916666666666666
1 0.07421875 0.5020833333333333 0.1453125 0.18333333333333332
1 0.055468750000000004 0.109375 0.1078125 0.21041666666666667
1 0.0921875 0.8833333333333333 0.15937500000000002 0.15833333333333333
1 0.9359375000000001 0.4354166666666667 0.12812500000000002 0.175
1 0.9359375000000001 0.7520833333333333 0.12812500000000002 0.175
1 0.8250000000000001 0.9322916666666666 0.153125 0.13541666666666666
1 0.23593750000000002 0.35833333333333334 0.15625 0.21666666666666667
0 0.325 0.109375 0.22812500000000002 0.21458333333333332
2 0.09296875 0.4125 0.045312500000000006 0.05416666666666667
