0 0.31015625 0.43333333333333335 0.2234375 0.2708333333333333
0 0.565625 0.8791666666666667 0.234375 0.24166666666666667
1 0.3203125 0.8989583333333333 0.1625 0.20208333333333334
1 0.1546875 0.8468749999999999 0.1625 0.20208333333333334
1 0.2109375 0.7697916666666667 0.1625 0.20208333333333334
1 0.6000000000000001 0.4197916666666667 0.1625 0.20208333333333334
1 0.71015625 0.5802083333333333 0.1859375 0.21041666666666667
1 0.8992187500000001 0.9125 0.17343750000000002 0.175
1 0.9343750000000001 0.753125 0.13125 0.17708333333333334
1 0.9 0.6208333333333333 0.16875 0.18333333333333332
1 0.884375 0.4875 0.16875 0.18333333333333332
1 0.9171875 0.24895833333333334 0.16562500000000002 0.25625
1 0.8171875000000001 0.075 0.21875 0.14583333333333334
2 0.42109375000000004 0.840625 0.0890625 0.09375
2 0.2015625 0.5583333333333333 0.059375000000000004 0.0875
2 0.565625 0.26875 0.059375000000000004 0.0875
2 0.6687500000000001 0.22708333333333333 0.059375000000000004 0.0875
1 0.5515625000000001 0.540625 0.1625 0.20208333333333334
1 0.4734375 0.6510416666666666 0.1625 0.20208333333333334
1 0.13125 0.103125 0.178125 0.20208333333333334
1 0.07187500000000001 0.234375 0.140625 0.19791666666666666
1 0.16015625 0.228125 0.1421875 0.19791666666666666
1 0.07421875 0.6416666666666666 0.1453125 0.2583333333333333
1 0.703125 0.48125 0.134375 0.15833333333333333
