1 0.79453125 0.328125 0.16718750000000002 0.21458333333333332
1 0.84921875 0.6260416666666666 0.16718750000000002 0.21458333333333332
1 0.9242187500000001 0.45208333333333334 0.15156250000000002 0.21666666666666667
1 0.9437500000000001 0.7822916666666666 0.1125 0.21875
1 0.57578125 0.8708333333333333 0.18281250000000002 0.22083333333333333
1 0.5593750000000001 0.21145833333333333 0.1875 0.23124999999999998
1 0.39375000000000004 0.171875 0.153125 0.24375
1 0.69140625 0.1125 0.15156250000000002 0.22083333333333333
1 0.060937500000000006 0.42916666666666664 0.11875000000000001 0.22083333333333333
1 0.053125000000000006 0.8947916666666667 0.10312500000000001 0.21041666666666667
1 0.07187500000000001 0.07916666666666666 0.140625 0.15416666666666667
1 0.23828125 0.09791666666666667 0.1796875 0.19166666666666665
1 0.14765625000000002 0.7572916666666667 0.1796875 0.19375
0 0.4578125 0.5510416666666667 0.328125 0.43124999999999997
2 0.47109375000000003 0.8854166666666666 0.045312500000000006 0.07916666666666666
