2 0.82578125 0.44166666666666665 0.0703125 0.08333333333333333
0 0.43359375 0.47291666666666665 0.2421875 0.31666666666666665
1 0.34687500000000004 0.6958333333333333 0.22812500000000002 0.22083333333333333
1 0.22109375 0.409375 0.1609375 0.21875
1 0.08046875 0.23229166666666667 0.15781250000000002 0.21875
1 0.08046875 0.134375 0.15781250000000002 0.21875
1 0.1765625 0.06354166666666666 0.153125 0.12291666666666666
1 0.4109375 0.21979166666666666 0.16875 0.13958333333333334
1 0.70859375 0.6552083333333333 0.1546875 0.23124999999999998
1 0.37578125 0.884375 0.1546875 0.23124999999999998
1 0.13671875 0.628125 0.1546875 0.23124999999999998
1 0.7093750000000001 0.13958333333333334 0.18125000000000002 0.2125
1 0.9421875000000001 0.30833333333333335 0.115625 0.21666666666666667
1 0.909375 0.74375 0.18125000000000002 0.2125
1 0.9281250000000001 0.9166666666666666 0.14375000000000002 0.16666666666666666
1 0.67109375 0.8427083333333333 0.1546875 0.23124999999999998
1 0.7984375 0.93125 0.1375 0.1375
