1 0.10859375 0.27291666666666664 0.18281250000000002 0.24166666666666667
1 0.2890625 0.175 0.215625 0.24583333333333332
1 0.92734375 0.7979166666666666 0.1453125 0.19166666666666665
1 0.81171875 0.4635416666666667 0.15781250000000002 0.19375
1 0.41796875 0.4927083333333333 0.16718750000000002 0.19375
1 0.33984375 0.3989583333333333 0.1609375 0.21458333333333332
1 0.634375 0.7989583333333333 0.1625 0.22291666666666665
1 0.8093750000000001 0.32708333333333334 0.15937500000000002 0.25
1 0.7679687500000001 0.7375 0.1453125 0.22916666666666666
0 0.56953125 0.24791666666666667 0.3203125 0.425
2 0.07734375 0.44375 0.0703125 0.09583333333333333
2 0.8890625000000001 0.9072916666666666 0.07500000000000001 0.07291666666666667
