1 0.92109375 0.21562499999999998 0.15781250000000002 0.21041666666666667
1 0.70625 0.803125 0.184375 0.21458333333333332
1 0.87421875 0.7125 0.18281250000000002 0.26666666666666666
1 0.7546875000000001 0.12083333333333333 0.1875 0.2375
1 0.6039062500000001 0.25416666666666665 0.17343750000000002 0.19166666666666665
1 0.5867187500000001 0.4979166666666667 0.19843750000000002 0.2625
1 0.09921875000000001 0.5083333333333333 0.16718750000000002 0.2
1 0.26875 0.44166666666666665 0.184375 0.24583333333333332
1 0.47890625000000003 0.3770833333333333 0.1796875 0.2
0 0.3140625 0.7895833333333333 0.45 0.42083333333333334
