0 0.6976562500000001 0.5625 0.3015625 0.37083333333333335
0 0.6000000000000001 0.865625 0.23125 0.26875
2 0.8484375000000001 0.740625 0.059375000000000004 0.08958333333333333
2 0.11093750000000001 0.221875 0.059375000000000004 0.08958333333333333
1 0.3015625 0.4166666666666667 0.20625000000000002 0.2916666666666667
1 0.23593750000000002 0.7427083333333333 0.16875 0.24375
1 0.084375 0.821875 0.16562500000000002 0.24375
1 0.184375 0.9239583333333333 0.17500000000000002 0.15208333333333332
1 0.875 0.103125 0.13125 0.20208333333333334
1 0.821875 0.15104166666666666 0.13125 0.23124999999999998
1 0.77265625 0.18645833333333334 0.1328125 0.23124999999999998
1 0.7054687500000001 0.228125 0.1328125 0.23124999999999998
1 0.6257812500000001 0.290625 0.1328125 0.23124999999999998
1 0.93359375 0.703125 0.1328125 0.23124999999999998
1 0.9460937500000001 0.85 0.1078125 0.23333333333333334
1 0.21640625000000002 0.15729166666666666 0.11406250000000001 0.21875
1 0.28828125 0.15416666666666667 0.1296875 0.21666666666666667
1 0.5078125 0.14270833333333333 0.146875 0.21875
1 0.41171875 0.7125 0.1765625 0.24583333333333332
