1 0.5320312500000001 0.7166666666666667 0.16718750000000002 0.2125
1 0.403125 0.6729166666666666 0.1375 0.175
1 0.13671875 0.23124999999999998 0.13593750000000002 0.2583333333333333
1 0.8992187500000001 0.36041666666666666 0.16718750000000002 0.2125
1 0.33671875 0.4479166666666667 0.1703125 0.21666666666666667
1 0.46015625000000004 0.45729166666666665 0.15156250000000002 0.20208333333333334
1 0.55390625 0.4666666666666667 0.1546875 0.19166666666666665
1 0.32421875 0.8666666666666667 0.1546875 0.19166666666666665
1 0.055468750000000004 0.5114583333333333 0.1078125 0.21041666666666667
1 0.28671875 0.6770833333333334 0.1546875 0.19166666666666665
1 0.7562500000000001 0.35625 0.146875 0.21666666666666667
1 0.8078125 0.6072916666666667 0.184375 0.22708333333333333
1 0.7468750000000001 0.803125 0.184375 0.22708333333333333
0 0.56796875 0.18645833333333334 0.37343750000000003 0.36875
