1 0.35546875 0.203125 0.15781250000000002 0.20625
1 0.18046875 0.8427083333333333 0.15781250000000002 0.20625
1 0.940625 0.9114583333333334 0.11875000000000001 0.17708333333333334
1 0.8234375 0.76875 0.171875 0.225
1 0.33984375 0.8958333333333334 0.1921875 0.20833333333333334
1 0.5390625 0.20625 0.153125 0.20416666666666666
1 0.80078125 0.14270833333333333 0.1765625 0.19791666666666666
1 0.17890625000000002 0.10416666666666667 0.1859375 0.20416666666666666
1 0.15546875000000002 0.6854166666666667 0.1203125 0.14166666666666666
0 0.4375 0.609375 0.371875 0.46458333333333335
