0 0.30781250000000004 0.5322916666666666 0.253125 0.26458333333333334
1 0.16875 0.22291666666666665 0.134375 0.2708333333333333
1 0.4421875 0.6854166666666667 0.146875 0.2
1 0.628125 0.7583333333333333 0.146875 0.2
1 0.925 0.5208333333333334 0.146875 0.2625
1 0.92578125 0.3 0.1484375 0.2625
1 0.9390625 0.10625 0.12187500000000001 0.20833333333333334
1 0.32109375 0.08854166666666667 0.1703125 0.17291666666666666
1 0.503125 0.08125 0.23125 0.15833333333333333
1 0.55859375 0.39791666666666664 0.1703125 0.175
1 0.27734375 0.8885416666666667 0.2578125 0.20625
2 0.665625 0.41041666666666665 0.078125 0.075
2 0.02421875 0.628125 0.045312500000000006 0.08125
1 0.77734375 0.5958333333333333 0.17343750000000002 0.26666666666666666
1 0.7156250000000001 0.8208333333333333 0.146875 0.2
1 0.8015625000000001 0.9 0.15625 0.2
