1 0.23046875 0.5177083333333333 0.1546875 0.18958333333333333
1 0.34609375000000003 0.47812499999999997 0.1546875 0.18958333333333333
1 0.83515625 0.7197916666666666 0.1546875 0.20625
1 0.91171875 0.390625 0.1546875 0.20625
1 0.7890625 0.8947916666666667 0.18125000000000002 0.20208333333333334
1 0.584375 0.3052083333333333 0.18125000000000002 0.20208333333333334
1 0.94296875 0.8333333333333334 0.11406250000000001 0.2625
0 0.31328125 0.7864583333333334 0.3828125 0.4270833333333333
2 0.54140625 0.4197916666666667 0.06406250000000001 0.06458333333333333
2 0.55703125 0.48541666666666666 0.0546875 0.08333333333333333
2 0.6062500000000001 0.47812499999999997 0.05625 0.07291666666666667
2 0.45156250000000003 0.6479166666666667 0.0625 0.07083333333333333
