1 0.8445312500000001 0.8635416666666667 0.18906250000000002 0.23958333333333334
1 0.6726562500000001 0.540625 0.18906250000000002 0.23958333333333334
1 0.6578125 0.34375 0.140625 0.17083333333333334
1 0.16718750000000002 0.45208333333333334 0.1 0.2375
1 0.20859375000000002 0.6302083333333334 0.15156250000000002 0.18541666666666667
1 0.17890625000000002 0.08333333333333333 0.1328125 0.1625
1 0.41953125 0.13229166666666667 0.1484375 0.18541666666666667
1 0.51171875 0.21041666666666667 0.1953125 0.20833333333333334
1 0.7875000000000001 0.25 0.140625 0.17083333333333334
1 0.521875 0.7385416666666667 0.253125 0.13958333333333334
1 0.45390625 0.7822916666666666 0.15781250000000002 0.19375
2 0.05390625 0.45208333333333334 0.0578125 0.07916666666666666
2 0.22421875000000002 0.24895833333333334 0.0703125 0.09791666666666667
2 0.7054687500000001 0.871875 0.09531250000000001 0.11041666666666666
0 0.37421875000000004 0.42604166666666665 0.30781250000000004 0.4479166666666667
