0 0.31953125000000004 0.375 0.23593750000000002 0.29583333333333334
1 0.21484375 0.5854166666666667 0.1703125 0.2125
1 0.54453125 0.621875 0.1421875 0.2520833333333333
1 0.4859375 0.6354166666666666 0.109375 0.25
1 0.43593750000000003 0.6854166666666667 0.109375 0.25
1 0.39687500000000003 0.7229166666666667 0.109375 0.25
1 0.3515625 0.73125 0.109375 0.25
1 0.7757812500000001 0.5625 0.1703125 0.2125
1 0.6960937500000001 0.5375 0.1703125 0.2125
1 0.81640625 0.7375 0.1703125 0.2125
1 0.94921875 0.796875 0.1015625 0.21458333333333332
1 0.9437500000000001 0.28541666666666665 0.1125 0.2
1 0.915625 0.17708333333333334 0.16875 0.20416666666666666
1 0.63671875 0.26979166666666665 0.1796875 0.23124999999999998
1 0.5554687500000001 0.09583333333333333 0.18281250000000002 0.1875
1 0.6335937500000001 0.884375 0.1796875 0.23124999999999998
1 0.36171875000000003 0.9052083333333333 0.1703125 0.18958333333333333
1 0.18046875 0.159375 0.1484375 0.22708333333333333
1 0.38203125000000004 0.09375 0.1453125 0.18333333333333332
