1 0.40468750000000003 0.6979166666666666 0.15937500000000002 0.1875
1 0.5750000000000001 0.740625 0.171875 0.18958333333333333
1 0.8187500000000001 0.8135416666666666 0.171875 0.21875
1 0.9140625 0.4614583333333333 0.171875 0.21875
1 0.415625 0.4552083333333333 0.171875 0.21875
1 0.40937500000000004 0.24270833333333333 0.171875 0.21875
1 0.5515625000000001 0.19583333333333333 0.19062500000000002 0.25
1 0.6546875000000001 0.39479166666666665 0.1625 0.21041666666666667
1 0.753125 0.34270833333333334 0.178125 0.24375
1 0.7406250000000001 0.575 0.178125 0.17916666666666667
1 0.80390625 0.10625 0.1859375 0.20833333333333334
1 0.28750000000000003 0.28854166666666664 0.140625 0.21875
1 0.07968750000000001 0.3229166666666667 0.15625 0.21666666666666667
1 0.09375 0.51875 0.15625 0.20416666666666666
1 0.7156250000000001 0.6364583333333333 0.13125 0.23541666666666666
0 0.1921875 0.803125 0.353125 0.39375
