1 0.10078125 0.6833333333333333 0.15781250000000002 0.22083333333333333
1 0.07968750000000001 0.8895833333333333 0.15625 0.22083333333333333
1 0.61484375 0.8729166666666667 0.15781250000000002 0.22083333333333333
1 0.5296875 0.9020833333333333 0.140625 0.19583333333333333
1 0.5906250000000001 0.6145833333333334 0.140625 0.19583333333333333
1 0.375 0.13958333333333334 0.13125 0.275
1 0.7875000000000001 0.41562499999999997 0.1375 0.22291666666666665
1 0.8421875000000001 0.41354166666666664 0.1375 0.22291666666666665
1 0.9242187500000001 0.4354166666666667 0.15156250000000002 0.2125
1 0.8984375 0.6645833333333333 0.171875 0.21666666666666667
1 0.55390625 0.46770833333333334 0.1390625 0.17291666666666666
1 0.9164062500000001 0.078125 0.16718750000000002 0.15208333333333332
0 0.54296875 0.21979166666666666 0.20468750000000002 0.26458333333333334
2 0.78828125 0.7333333333333333 0.060937500000000006 0.06666666666666667
