0 0.53515625 0.625 0.2546875 0.3375
1 0.4703125 0.13958333333333334 0.22812500000000002 0.225
1 0.5921875 0.3677083333333333 0.18125000000000002 0.24791666666666667
1 0.8375 0.296875 0.18125000000000002 0.24791666666666667
1 0.7703125000000001 0.4302083333333333 0.18125000000000002 0.24791666666666667
1 0.7375 0.5822916666666667 0.18125000000000002 0.24791666666666667
1 0.82734375 0.6270833333333333 0.1546875 0.2125
1 0.82421875 0.7395833333333334 0.1546875 0.2125
1 0.78828125 0.8416666666666667 0.1546875 0.2125
1 0.9070312500000001 0.7520833333333333 0.1546875 0.2125
1 0.06328125 0.14583333333333334 0.1234375 0.24166666666666667
1 0.21406250000000002 0.11458333333333333 0.19062500000000002 0.225
1 0.77265625 0.11979166666666667 0.2109375 0.23541666666666666
2 0.6531250000000001 0.06458333333333333 0.06875 0.12083333333333333
2 0.3609375 0.9083333333333333 0.065625 0.07083333333333333
1 0.3828125 0.34479166666666666 0.153125 0.22708333333333333
1 0.115625 0.428125 0.153125 0.22708333333333333
1 0.13671875 0.9270833333333334 0.1390625 0.14583333333333334
1 0.26328125 0.9270833333333334 0.1390625 0.14583333333333334
1 0.07734375 0.8677083333333333 0.15156250000000002 0.18125
