1 0.22968750000000002 0.10625 0.19062500000000002 0.20833333333333334
1 0.27968750000000003 0.271875 0.19687500000000002 0.26875
1 0.38671875 0.08020833333333333 0.1953125 0.15625
1 0.8703125 0.29583333333333334 0.153125 0.2
1 0.06406250000000001 0.7 0.12187500000000001 0.2125
1 0.9421875000000001 0.790625 0.115625 0.17708333333333334
0 0.7890625 0.6135416666666667 0.2625 0.31875
1 0.41484375 0.5166666666666666 0.1546875 0.2
1 0.45546875000000003 0.5041666666666667 0.1546875 0.2
1 0.52890625 0.50625 0.1546875 0.2
