1 0.70625 0.6166666666666667 0.1625 0.20416666666666666
1 0.70625 0.7395833333333334 0.1625 0.20416666666666666
1 0.9187500000000001 0.49583333333333335 0.1625 0.20416666666666666
1 0.60078125 0.09166666666666666 0.1640625 0.17916666666666667
1 0.18203125 0.19375 0.1609375 0.23333333333333334
1 0.7875000000000001 0.10729166666666666 0.1625 0.18125
1 0.7718750000000001 0.4145833333333333 0.1625 0.225
1 0.47500000000000003 0.4479166666666667 0.1625 0.20416666666666666
1 0.0625 0.3458333333333333 0.12187500000000001 0.20833333333333334
1 0.54921875 0.8677083333333333 0.15781250000000002 0.21041666666666667
1 0.59140625 0.296875 0.15781250000000002 0.21041666666666667
0 0.27265625 0.7916666666666666 0.2578125 0.2875
2 0.2984375 0.25 0.05625 0.075
2 0.96640625 0.8739583333333333 0.06406250000000001 0.08541666666666667
