1 0.4265625 0.559375 0.16562500000000002 0.19375
1 0.6515625 0.13125 0.16875 0.24583333333333332
1 0.72578125 0.41875 0.1328125 0.2125
1 0.48281250000000003 0.11770833333333333 0.16562500000000002 0.21875
1 0.29453125 0.38125 0.2265625 0.22916666666666666
1 0.6820312500000001 0.70625 0.1796875 0.2125
1 0.19453125000000002 0.5635416666666666 0.1203125 0.16041666666666665
1 0.17421875 0.88125 0.1546875 0.19583333333333333
1 0.24296875 0.17708333333333334 0.1703125 0.23333333333333334
1 0.47500000000000003 0.3677083333333333 0.16875 0.21041666666666667
1 0.34921875 0.8833333333333333 0.15156250000000002 0.23333333333333334
0 0.58984375 0.8479166666666667 0.3515625 0.30416666666666664
