1 0.64453125 0.6364583333333333 0.19843750000000002 0.23541666666666666
1 0.48281250000000003 0.7072916666666667 0.16875 0.2604166666666667
1 0.33359375 0.7458333333333333 0.15781250000000002 0.17083333333333334
1 0.2921875 0.8156249999999999 0.171875 0.17708333333333334
1 0.07578125000000001 0.8875 0.1484375 0.20833333333333334
1 0.1953125 0.2875 0.125 0.2
1 0.9070312500000001 0.4166666666666667 0.15156250000000002 0.22083333333333333
1 0.77734375 0.8614583333333333 0.1640625 0.20625
1 0.76953125 0.221875 0.17343750000000002 0.21875
1 0.5453125 0.20208333333333334 0.14375000000000002 0.18333333333333332
1 0.46718750000000003 0.15625 0.140625 0.19583333333333333
0 0.36328125 0.471875 0.3171875 0.46458333333333335
