1 0.43359375 0.30625 0.15781250000000002 0.2583333333333333
1 0.43046875 0.3020833333333333 0.15781250000000002 0.2583333333333333
1 0.65 0.10104166666666667 0.15625 0.19791666666666666
1 0.6140625000000001 0.3833333333333333 0.15625 0.2
1 0.353125 0.50625 0.1875 0.2
1 0.24921875000000002 0.7447916666666666 0.1921875 0.2520833333333333
1 0.77734375 0.2989583333333333 0.1921875 0.2520833333333333
1 0.796875 0.7052083333333333 0.16562500000000002 0.23124999999999998
1 0.93125 0.796875 0.1375 0.19375
1 0.07421875 0.646875 0.1453125 0.2520833333333333
0 0.57265625 0.7177083333333333 0.4703125 0.5645833333333333
