1 0.275 0.9093749999999999 0.178125 0.17708333333333334
1 0.38125000000000003 0.08958333333333333 0.178125 0.175
1 0.8656250000000001 0.5791666666666666 0.16562500000000002 0.2
1 0.8953125000000001 0.9 0.16562500000000002 0.2
1 0.55703125 0.475 0.1796875 0.22083333333333333
1 0.23984375000000002 0.15416666666666667 0.1796875 0.22083333333333333
1 0.16015625 0.35833333333333334 0.1796875 0.22083333333333333
1 0.15781250000000002 0.6760416666666667 0.16875 0.25625
1 0.9171875 0.7135416666666666 0.16562500000000002 0.19791666666666666
1 0.753125 0.390625 0.16562500000000002 0.19791666666666666
0 0.36171875000000003 0.30104166666666665 0.2015625 0.25625
0 0.6609375000000001 0.8197916666666667 0.15000000000000002 0.18958333333333333
