1 0.059375000000000004 0.7739583333333333 0.115625 0.22708333333333333
1 0.38671875 0.9302083333333333 0.2015625 0.13958333333333334
1 0.284375 0.9375 0.1625 0.125
1 0.85546875 0.8427083333333333 0.1390625 0.18541666666666667
1 0.5546875 0.7125 0.17500000000000002 0.1875
1 0.89453125 0.1875 0.17343750000000002 0.22083333333333333
1 0.17265625 0.3854166666666667 0.1328125 0.1875
1 0.26796875000000003 0.6229166666666667 0.1328125 0.1875
1 0.14453125 0.5520833333333334 0.1796875 0.23333333333333334
1 0.7718750000000001 0.6822916666666666 0.16562500000000002 0.14375
1 0.9164062500000001 0.634375 0.1390625 0.18541666666666667
0 0.6515625 0.35 0.41875 0.525
