1 0.3953125 0.7302083333333333 0.21250000000000002 0.22291666666666665
1 0.5476562500000001 0.8770833333333333 0.1421875 0.2125
1 0.82734375 0.8468749999999999 0.1640625 0.21875
1 0.66953125 0.7489583333333333 0.1640625 0.21875
1 0.69453125 0.5427083333333333 0.1640625 0.21875
1 0.5640625 0.203125 0.184375 0.22291666666666665
1 0.38125000000000003 0.353125 0.184375 0.25625
1 0.671875 0.39166666666666666 0.178125 0.22916666666666666
1 0.37109375 0.11458333333333333 0.18906250000000002 0.225
1 0.184375 0.11458333333333333 0.20625000000000002 0.1375
1 0.9140625 0.22083333333333333 0.171875 0.17083333333333334
1 0.9242187500000001 0.34375 0.15156250000000002 0.20416666666666666
1 0.85703125 0.07083333333333333 0.1484375 0.1375
1 0.6585937500000001 0.07083333333333333 0.1484375 0.1375
0 0.15078125 0.5510416666666667 0.2984375 0.42291666666666666
2 0.2859375 0.7125 0.06875 0.09166666666666666
