1 0.1265625 0.6958333333333333 0.16562500000000002 0.2
1 0.20546875 0.5177083333333333 0.1546875 0.19791666666666666
1 0.17109375000000002 0.08958333333333333 0.1546875 0.175
1 0.3640625 0.11458333333333333 0.16562500000000002 0.21666666666666667
1 0.6125 0.08958333333333333 0.19687500000000002 0.175
1 0.55390625 0.31145833333333334 0.15781250000000002 0.21875
1 0.71640625 0.37604166666666666 0.15781250000000002 0.21875
1 0.8203125 0.640625 0.178125 0.17291666666666666
1 0.3359375 0.8895833333333333 0.178125 0.22083333333333333
1 0.8812500000000001 0.275 0.178125 0.22083333333333333
1 0.821875 0.17083333333333334 0.178125 0.22083333333333333
1 0.9109375000000001 0.48020833333333335 0.178125 0.17291666666666666
1 0.38203125000000004 0.5354166666666667 0.15781250000000002 0.22083333333333333
1 0.29531250000000003 0.35 0.17500000000000002 0.24583333333333332
0 0.5320312500000001 0.76875 0.3609375 0.4583333333333333
