1 0.49140625000000004 0.7770833333333333 0.17343750000000002 0.23333333333333334
1 0.25703125 0.8302083333333333 0.2171875 0.23124999999999998
1 0.49375 0.21562499999999998 0.178125 0.19375
1 0.93671875 0.09166666666666666 0.1265625 0.17916666666666667
1 0.7609375 0.12083333333333333 0.16875 0.2375
1 0.9320312500000001 0.3802083333333333 0.13593750000000002 0.28125
1 0.76484375 0.7010416666666667 0.13593750000000002 0.28125
1 0.6804687500000001 0.4010416666666667 0.13593750000000002 0.28125
1 0.09375 0.2833333333333333 0.184375 0.26666666666666666
1 0.91328125 0.6958333333333333 0.17343750000000002 0.23333333333333334
0 0.27187500000000003 0.16145833333333334 0.21250000000000002 0.27291666666666664
2 0.5296875 0.3333333333333333 0.07187500000000001 0.08333333333333333
2 0.5890625 0.4895833333333333 0.07187500000000001 0.08333333333333333
1 0.19609375 0.5770833333333333 0.17343750000000002 0.23333333333333334
