1 0.56484375 0.24583333333333332 0.1921875 0.2125
1 0.82421875 0.2833333333333333 0.1921875 0.2125
1 0.81171875 0.4083333333333333 0.1921875 0.2125
1 0.7421875 0.6302083333333334 0.19062500000000002 0.17708333333333334
1 0.36875 0.5114583333333333 0.15000000000000002 0.21875
1 0.21250000000000002 0.6010416666666667 0.15000000000000002 0.21875
1 0.11875000000000001 0.209375 0.15000000000000002 0.21875
1 0.43671875000000004 0.9135416666666667 0.1609375 0.17291666666666666
1 0.39375000000000004 0.3072916666666667 0.15937500000000002 0.18958333333333333
1 0.52578125 0.6864583333333333 0.16718750000000002 0.21041666666666667
1 0.93671875 0.80625 0.1265625 0.2375
1 0.0890625 0.85625 0.171875 0.21666666666666667
0 0.7039062500000001 0.8479166666666667 0.3359375 0.3
