1 0.13593750000000002 0.91875 0.15625 0.1625
1 0.1375 0.20104166666666667 0.16562500000000002 0.21041666666666667
1 0.22812500000000002 0.3885416666666667 0.15000000000000002 0.25625
1 0.34609375000000003 0.5125 0.1171875 0.2583333333333333
1 0.38125000000000003 0.24270833333333333 0.16562500000000002 0.21041666666666667
1 0.540625 0.2760416666666667 0.19375 0.20625
1 0.51171875 0.09791666666666667 0.1953125 0.19166666666666665
1 0.51484375 0.5270833333333333 0.21406250000000002 0.2583333333333333
1 0.77734375 0.2375 0.15156250000000002 0.19583333333333333
1 0.88046875 0.6375 0.15156250000000002 0.19583333333333333
1 0.47421875 0.8916666666666666 0.1640625 0.20416666666666666
1 0.6890625 0.834375 0.16562500000000002 0.22291666666666665
1 0.91953125 0.2833333333333333 0.1421875 0.18333333333333332
0 0.09609375 0.6510416666666666 0.18906250000000002 0.39791666666666664
