1 0.50390625 0.109375 0.1703125 0.19791666666666666
1 0.83203125 0.3052083333333333 0.1703125 0.19791666666666666
1 0.26640625 0.9010416666666666 0.1703125 0.19791666666666666
1 0.584375 0.35625 0.203125 0.22916666666666666
1 0.6804687500000001 0.21875 0.16718750000000002 0.18333333333333332
1 0.6414062500000001 0.09270833333333334 0.1765625 0.18125
1 0.36015625 0.25729166666666664 0.1703125 0.19791666666666666
1 0.33671875 0.38125 0.1609375 0.23333333333333334
1 0.765625 0.734375 0.184375 0.23958333333333334
1 0.73359375 0.9270833333333334 0.1703125 0.14583333333333334
1 0.56796875 0.9197916666666667 0.19843750000000002 0.16041666666666665
1 0.9437500000000001 0.4552083333333333 0.1125 0.21041666666666667
1 0.13359375 0.80625 0.1421875 0.19583333333333333
1 0.17734375000000002 0.45416666666666666 0.1609375 0.2791666666666667
2 0.434375 0.8624999999999999 0.053125000000000006 0.08333333333333333
0 0.54296875 0.6333333333333333 0.32656250000000003 0.4
