1 0.7117187500000001 0.6385416666666667 0.17343750000000002 0.18125
1 0.70078125 0.8114583333333333 0.17343750000000002 0.18125
1 0.603125 0.20625 0.16875 0.225
1 0.31562500000000004 0.14791666666666667 0.16875 0.225
1 0.15625 0.8447916666666666 0.14375000000000002 0.18541666666666667
1 0.1328125 0.5375 0.13125 0.22083333333333333
1 0.59609375 0.43645833333333334 0.1765625 0.23541666666666666
1 0.81953125 0.4427083333333333 0.1765625 0.23541666666666666
1 0.234375 0.6947916666666667 0.14375000000000002 0.18541666666666667
0 0.45234375000000004 0.7864583333333334 0.3671875 0.4270833333333333
2 0.36328125 0.55 0.1078125 0.12083333333333333
2 0.525 0.03854166666666667 0.065625 0.07291666666666667
