1 0.2984375 0.4239583333333333 0.134375 0.18125
1 0.2546875 0.3885416666666667 0.16562500000000002 0.17291666666666666
1 0.21484375 0.5927083333333333 0.1765625 0.21875
1 0.7976562500000001 0.4239583333333333 0.1703125 0.23958333333333334
1 0.48203125 0.8364583333333333 0.1703125 0.23958333333333334
1 0.7210937500000001 0.490625 0.1703125 0.23958333333333334
1 0.5609375 0.7447916666666666 0.16875 0.19791666666666666
1 0.9070312500000001 0.090625 0.18281250000000002 0.17708333333333334
1 0.853125 0.6635416666666667 0.16875 0.23958333333333334
1 0.6976562500000001 0.6958333333333333 0.1859375 0.2833333333333333
1 0.296875 0.809375 0.171875 0.21041666666666667
1 0.18125000000000002 0.8156249999999999 0.171875 0.21041666666666667
1 0.046875 0.28020833333333334 0.09062500000000001 0.19375
0 0.45859375 0.25625 0.3203125 0.4083333333333333
