1 0.42890625000000004 0.5802083333333333 0.1546875 0.18958333333333333
1 0.81640625 0.5458333333333333 0.1234375 0.16666666666666666
1 0.64453125 0.4875 0.1703125 0.22083333333333333
1 0.60859375 0.8791666666666667 0.1703125 0.22083333333333333
1 0.43046875 0.84375 0.1703125 0.22083333333333333
1 0.6765625000000001 0.684375 0.171875 0.20625
1 0.7296875 0.16354166666666667 0.1375 0.19375
1 0.89375 0.7010416666666667 0.178125 0.19791666666666666
1 0.11796875000000001 0.25416666666666665 0.16718750000000002 0.20416666666666666
1 0.27265625 0.25104166666666666 0.1546875 0.18958333333333333
1 0.43046875 0.14791666666666667 0.1609375 0.22083333333333333
1 0.58828125 0.2739583333333333 0.15781250000000002 0.24375
1 0.9328125 0.21354166666666666 0.134375 0.2604166666666667
1 0.30078125 0.06875 0.1546875 0.13333333333333333
0 0.171875 0.6489583333333333 0.340625 0.46041666666666664
