1 0.4265625 0.6854166666666667 0.178125 0.20833333333333334
1 0.27109375 0.8541666666666666 0.1765625 0.2708333333333333
1 0.7953125000000001 0.7583333333333333 0.178125 0.20833333333333334
1 0.690625 0.7645833333333333 0.178125 0.20833333333333334
1 0.8695312500000001 0.5697916666666667 0.1609375 0.21458333333333332
1 0.8406250000000001 0.46875 0.15625 0.19166666666666665
1 0.8234375 0.21458333333333332 0.15625 0.19166666666666665
1 0.74375 0.24166666666666667 0.15625 0.19166666666666665
1 0.6703125000000001 0.459375 0.16562500000000002 0.21458333333333332
1 0.07578125000000001 0.47604166666666664 0.1484375 0.20625
1 0.07578125000000001 0.103125 0.1484375 0.20208333333333334
1 0.521875 0.5135416666666667 0.15000000000000002 0.20625
0 0.37812500000000004 0.20520833333333333 0.371875 0.40625
