0 0.453125 0.3927083333333333 0.30312500000000003 0.40208333333333335
1 0.11796875000000001 0.7291666666666666 0.18281250000000002 0.21666666666666667
1 0.18671875000000002 0.8864583333333333 0.17343750000000002 0.22291666666666665
1 0.27265625 0.7989583333333333 0.17343750000000002 0.22291666666666665
1 0.33437500000000003 0.665625 0.140625 0.22708333333333333
1 0.36875 0.7197916666666666 0.140625 0.22708333333333333
1 0.403125 0.7489583333333333 0.140625 0.22708333333333333
1 0.45625000000000004 0.7697916666666667 0.140625 0.22708333333333333
1 0.8562500000000001 0.73125 0.16562500000000002 0.2125
1 0.9171875 0.8791666666666667 0.16562500000000002 0.2125
1 0.8796875000000001 0.12083333333333333 0.16562500000000002 0.2125
1 0.9015625 0.20416666666666666 0.19375 0.225
1 0.125 0.37083333333333335 0.19375 0.225
1 0.20625000000000002 0.24375 0.19375 0.225
1 0.1265625 0.17291666666666666 0.19375 0.225
1 0.5171875 0.075 0.19062500000000002 0.14583333333333334
1 0.46406250000000004 0.9447916666666667 0.134375 0.11041666666666666
1 0.53046875 0.9520833333333333 0.1296875 0.09583333333333333
