1 0.62265625 0.37604166666666666 0.17343750000000002 0.21041666666666667
1 0.60078125 0.6510416666666666 0.17343750000000002 0.21041666666666667
1 0.6570312500000001 0.8427083333333333 0.17343750000000002 0.21041666666666667
1 0.31015625 0.26145833333333335 0.17343750000000002 0.21041666666666667
1 0.17578125 0.121875 0.1265625 0.16875
1 0.30078125 0.6239583333333333 0.15781250000000002 0.20625
1 0.18359375 0.6677083333333333 0.15781250000000002 0.20625
1 0.28515625 0.8208333333333333 0.1640625 0.19166666666666665
1 0.8148437500000001 0.26458333333333334 0.1640625 0.19166666666666665
1 0.7890625 0.634375 0.19062500000000002 0.21041666666666667
1 0.91796875 0.46458333333333335 0.1640625 0.25416666666666665
1 0.6257812500000001 0.11041666666666666 0.1640625 0.19166666666666665
1 0.6882812500000001 0.13333333333333333 0.1640625 0.19166666666666665
1 0.9085937500000001 0.7770833333333333 0.1640625 0.19166666666666665
0 0.115625 0.390625 0.22812500000000002 0.44375
2 0.3015625 0.471875 0.059375000000000004 0.09791666666666667
