0 0.2171875 0.5833333333333334 0.36250000000000004 0.5958333333333333
1 0.7937500000000001 0.778125 0.209375 0.20625
1 0.65625 0.490625 0.15000000000000002 0.18125
1 0.5515625000000001 0.534375 0.15000000000000002 0.18125
1 0.4296875 0.7572916666666667 0.153125 0.3145833333333333
1 0.5632812500000001 0.7625 0.1484375 0.2
1 0.51484375 0.9 0.1484375 0.2
1 0.7914062500000001 0.315625 0.18906250000000002 0.22708333333333333
1 0.7820312500000001 0.10104166666666667 0.18906250000000002 0.19791666666666666
1 0.42578125 0.3177083333333333 0.18281250000000002 0.18958333333333333
1 0.57265625 0.30833333333333335 0.21406250000000002 0.2625
1 0.109375 0.284375 0.19687500000000002 0.2520833333333333
1 0.09062500000000001 0.09895833333333333 0.178125 0.19375
1 0.53125 0.06875 0.16875 0.13333333333333333
1 0.34609375000000003 0.14583333333333334 0.2109375 0.2375
2 0.73828125 0.9 0.06406250000000001 0.07083333333333333
1 0.8234375 0.41354166666666664 0.15000000000000002 0.18125
1 0.2859375 0.9093749999999999 0.15000000000000002 0.18125
