1 0.81171875 0.5291666666666667 0.2109375 0.225
1 0.6421875 0.7697916666666667 0.16875 0.21041666666666667
1 0.5453125 0.8947916666666667 0.16875 0.21041666666666667
1 0.253125 0.5677083333333334 0.16875 0.21041666666666667
1 0.3921875 0.8947916666666667 0.16875 0.21041666666666667
1 0.7718750000000001 0.15520833333333334 0.16875 0.21041666666666667
1 0.65 0.10520833333333333 0.16875 0.20625
1 0.94921875 0.6614583333333334 0.1015625 0.20208333333333334
1 0.50390625 0.3364583333333333 0.1015625 0.20208333333333334
1 0.43515625 0.703125 0.1640625 0.18541666666666667
1 0.084375 0.8645833333333334 0.16562500000000002 0.24166666666666667
2 0.7796875000000001 0.6416666666666666 0.0625 0.075
0 0.11406250000000001 0.10833333333333334 0.2 0.2125
