1 0.6640625 0.6895833333333333 0.1625 0.225
1 0.39140625 0.684375 0.1953125 0.25625
1 0.53359375 0.43854166666666666 0.1953125 0.25625
1 0.32109375 0.075 0.2015625 0.14583333333333334
1 0.19062500000000002 0.5854166666666667 0.15000000000000002 0.1875
1 0.13593750000000002 0.325 0.15000000000000002 0.1875
1 0.30000000000000004 0.7416666666666667 0.15000000000000002 0.1875
1 0.7671875 0.8520833333333333 0.15000000000000002 0.1875
2 0.56484375 0.5958333333333333 0.0578125 0.06666666666666667
0 0.76875 0.20104166666666667 0.37812500000000004 0.39791666666666664
