1 0.3828125 0.2520833333333333 0.14375000000000002 0.21666666666666667
1 0.07265625 0.3520833333333333 0.1421875 0.21666666666666667
1 0.22968750000000002 0.128125 0.209375 0.2520833333333333
1 0.38046875 0.4770833333333333 0.15156250000000002 0.24166666666666667
1 0.39765625000000004 0.9197916666666667 0.1546875 0.15625
1 0.25546875 0.7927083333333333 0.1953125 0.23541666666666666
1 0.8070312500000001 0.38645833333333335 0.1546875 0.21041666666666667
1 0.9070312500000001 0.5385416666666667 0.1859375 0.2520833333333333
1 0.66328125 0.525 0.15781250000000002 0.2125
1 0.57421875 0.8937499999999999 0.1921875 0.2125
1 0.63203125 0.21041666666666667 0.1765625 0.225
2 0.8296875 0.20625 0.059375000000000004 0.08333333333333333
0 0.8304687500000001 0.8208333333333333 0.3359375 0.35833333333333334
