1 0.2921875 0.8416666666666667 0.17500000000000002 0.19166666666666665
1 0.52890625 0.24479166666666666 0.1859375 0.22291666666666665
1 0.8289062500000001 0.11770833333333333 0.1859375 0.22291666666666665
1 0.925 0.290625 0.15000000000000002 0.21458333333333332
1 0.81953125 0.43854166666666666 0.1859375 0.22291666666666665
1 0.16875 0.7760416666666666 0.12187500000000001 0.27291666666666664
1 0.7445312500000001 0.8885416666666667 0.1859375 0.22291666666666665
1 0.7117187500000001 0.6635416666666667 0.1859375 0.22291666666666665
1 0.61328125 0.07916666666666666 0.1796875 0.15416666666666667
1 0.15546875000000002 0.17604166666666665 0.1859375 0.22291666666666665
0 0.36171875000000003 0.5291666666666667 0.33906250000000004 0.43333333333333335
