1 0.26640625 0.8041666666666667 0.17343750000000002 0.17083333333333334
1 0.08828125 0.7479166666666667 0.17343750000000002 0.17083333333333334
1 0.47578125000000004 0.8885416666666667 0.1234375 0.20625
1 0.10859375 0.2947916666666667 0.18906250000000002 0.21875
1 0.22578125000000002 0.4552083333333333 0.18906250000000002 0.21875
1 0.87421875 0.46770833333333334 0.18906250000000002 0.21875
1 0.7679687500000001 0.440625 0.18906250000000002 0.21875
1 0.5242187500000001 0.5072916666666667 0.15156250000000002 0.16875
1 0.1453125 0.09895833333333333 0.19062500000000002 0.19375
1 0.89375 0.25 0.12812500000000002 0.21666666666666667
1 0.91796875 0.8197916666666667 0.1609375 0.25625
1 0.6843750000000001 0.9249999999999999 0.15625 0.15
2 0.36953125000000003 0.19583333333333333 0.060937500000000006 0.0875
2 0.8445312500000001 0.12604166666666666 0.0671875 0.10208333333333333
0 0.55390625 0.18125 0.32343750000000004 0.35833333333333334
