1 0.77734375 0.6625 0.1453125 0.19583333333333333
1 0.78046875 0.80625 0.1453125 0.19583333333333333
1 0.39609375 0.884375 0.15156250000000002 0.23124999999999998
1 0.49765625 0.7802083333333333 0.15156250000000002 0.23124999999999998
1 0.31953125000000004 0.4708333333333333 0.1265625 0.22083333333333333
1 0.40234375 0.240625 0.1609375 0.26458333333333334
1 0.17265625 0.38229166666666664 0.1546875 0.21875
1 0.93359375 0.46458333333333335 0.1328125 0.2125
1 0.14140625 0.7354166666666666 0.16718750000000002 0.20833333333333334
1 0.86875 0.22291666666666665 0.16875 0.20833333333333334
1 0.6796875 0.10833333333333334 0.16875 0.20833333333333334
1 0.23125 0.14375 0.140625 0.18333333333333332
1 0.0703125 0.15833333333333333 0.1375 0.18333333333333332
1 0.46796875000000004 0.6083333333333333 0.1640625 0.18333333333333332
1 0.06328125 0.39166666666666666 0.1234375 0.20833333333333334
1 0.225 0.5697916666666667 0.11875000000000001 0.18958333333333333
0 0.6421875 0.3927083333333333 0.446875 0.40625
