0 0.53515625 0.16770833333333332 0.2734375 0.33125
1 0.421875 0.46770833333333334 0.14375000000000002 0.19791666666666666
1 0.59296875 0.709375 0.1609375 0.21041666666666667
1 0.39765625000000004 0.746875 0.1609375 0.21041666666666667
1 0.084375 0.7135416666666666 0.16562500000000002 0.25625
1 0.30703125000000003 0.37395833333333334 0.16718750000000002 0.25625
1 0.055468750000000004 0.328125 0.1078125 0.24791666666666667
1 0.06484375 0.47604166666666664 0.1265625 0.18125
1 0.203125 0.596875 0.12812500000000002 0.18125
1 0.29296875 0.9260416666666667 0.18281250000000002 0.14791666666666667
1 0.33984375 0.565625 0.1609375 0.21041666666666667
1 0.26484375 0.071875 0.15781250000000002 0.13958333333333334
1 0.36250000000000004 0.06354166666666666 0.125 0.12291666666666666
1 0.6859375000000001 0.4510416666666667 0.1625 0.20625
1 0.7390625000000001 0.48125 0.1 0.15
1 0.93125 0.48541666666666666 0.134375 0.21666666666666667
1 0.9015625 0.5833333333333334 0.134375 0.21666666666666667
1 0.93125 0.8770833333333333 0.134375 0.24583333333333332
1 0.9320312500000001 0.109375 0.13593750000000002 0.21458333333333332
1 0.81640625 0.2583333333333333 0.18906250000000002 0.275
1 0.6921875000000001 0.26666666666666666 0.18125000000000002 0.22083333333333333
1 0.5109375 0.8104166666666667 0.19062500000000002 0.25416666666666665
