1 0.40937500000000004 0.8364583333333333 0.15000000000000002 0.21458333333333332
1 0.7523437500000001 0.7041666666666666 0.1328125 0.18333333333333332
1 0.25546875 0.5645833333333333 0.18906250000000002 0.2125
1 0.5171875 0.5385416666666667 0.18125000000000002 0.18541666666666667
1 0.90234375 0.678125 0.1640625 0.17708333333333334
1 0.8773437500000001 0.9114583333333334 0.1796875 0.17708333333333334
1 0.23203125000000002 0.9302083333333333 0.17343750000000002 0.13958333333333334
1 0.10312500000000001 0.8260416666666667 0.184375 0.18125
1 0.6585937500000001 0.35104166666666664 0.15156250000000002 0.21875
1 0.79296875 0.365625 0.13593750000000002 0.22291666666666665
1 0.51796875 0.2864583333333333 0.13593750000000002 0.22291666666666665
1 0.609375 0.665625 0.171875 0.19375
1 0.94453125 0.5010416666666666 0.11093750000000001 0.18958333333333333
1 0.7054687500000001 0.9052083333333333 0.1765625 0.18958333333333333
0 0.278125 0.24166666666666667 0.36250000000000004 0.45416666666666666
