1 0.08125 0.43854166666666666 0.13125 0.19791666666666666
1 0.46015625000000004 0.5489583333333333 0.1609375 0.26458333333333334
1 0.82578125 0.3885416666666667 0.1609375 0.26458333333333334
1 0.7367187500000001 0.7885416666666667 0.17343750000000002 0.2604166666666667
1 0.67578125 0.428125 0.1484375 0.21041666666666667
1 0.68515625 0.159375 0.1484375 0.21041666666666667
1 0.06875 0.7541666666666667 0.134375 0.20833333333333334
1 0.9421875000000001 0.2520833333333333 0.115625 0.20833333333333334
0 0.34218750000000003 0.31354166666666666 0.265625 0.24375
2 0.43671875000000004 0.7958333333333333 0.060937500000000006 0.075
2 0.7679687500000001 0.56875 0.060937500000000006 0.075
