1 0.7234375000000001 0.22395833333333334 0.17500000000000002 0.21041666666666667
1 0.53828125 0.234375 0.1296875 0.21041666666666667
1 0.48359375000000004 0.9177083333333333 0.1484375 0.16458333333333333
1 0.44375000000000003 0.5 0.140625 0.22083333333333333
1 0.41796875 0.21145833333333333 0.1171875 0.18958333333333333
1 0.8375 0.6479166666666667 0.15625 0.23333333333333334
1 0.77265625 0.8291666666666666 0.1453125 0.17916666666666667
1 0.9164062500000001 0.9197916666666667 0.1546875 0.16041666666666665
1 0.6960937500000001 0.946875 0.1546875 0.10625
1 0.56484375 0.7 0.1453125 0.17916666666666667
1 0.65 0.6447916666666667 0.15000000000000002 0.21458333333333332
1 0.08203125 0.8989583333333333 0.15156250000000002 0.20208333333333334
1 0.05234375 0.6666666666666666 0.1015625 0.24166666666666667
0 0.2734375 0.7645833333333333 0.35000000000000003 0.4166666666666667
2 0.73828125 0.346875 0.06406250000000001 0.08125
2 0.94296875 0.5708333333333333 0.0765625 0.08333333333333333
