1 0.37343750000000003 0.6604166666666667 0.20625000000000002 0.17916666666666667
1 0.27187500000000003 0.85625 0.19375 0.2583333333333333
1 0.265625 0.2895833333333333 0.19375 0.2583333333333333
1 0.56484375 0.3125 0.1921875 0.2375
1 0.6468750000000001 0.10625 0.2 0.20833333333333334
1 0.5421875 0.5364583333333334 0.17500000000000002 0.23541666666666666
1 0.603125 0.7979166666666666 0.215625 0.2583333333333333
1 0.7828125 0.28541666666666665 0.209375 0.2
1 0.921875 0.334375 0.15625 0.23958333333333334
1 0.23046875 0.078125 0.1640625 0.15208333333333332
0 0.7734375 0.5895833333333333 0.31875000000000003 0.45
