1 0.16796875 0.6739583333333333 0.16718750000000002 0.25625
1 0.51796875 0.23020833333333332 0.16718750000000002 0.25625
1 0.3375 0.434375 0.209375 0.20625
1 0.78828125 0.5520833333333334 0.15156250000000002 0.20833333333333334
1 0.8695312500000001 0.4145833333333333 0.15156250000000002 0.20833333333333334
1 0.7640625000000001 0.17083333333333334 0.15937500000000002 0.2708333333333333
1 0.0890625 0.278125 0.17500000000000002 0.2604166666666667
1 0.18125000000000002 0.09895833333333333 0.1625 0.19375
1 0.9242187500000001 0.23958333333333334 0.15156250000000002 0.20833333333333334
1 0.9242187500000001 0.6479166666666667 0.15156250000000002 0.22083333333333333
0 0.49375 0.74375 0.35625 0.5041666666666667
2 0.29140625000000003 0.7770833333333333 0.060937500000000006 0.075
2 0.13828125 0.41770833333333335 0.08281250000000001 0.09791666666666667
