1 0.1 0.528125 0.17500000000000002 0.18541666666666667
1 0.29765625 0.7510416666666666 0.16718750000000002 0.22291666666666665
1 0.153125 0.7 0.13125 0.2916666666666667
1 0.634375 0.64375 0.184375 0.21666666666666667
1 0.48671875000000003 0.7697916666666667 0.1703125 0.17291666666666666
1 0.45 0.509375 0.1375 0.28541666666666665
1 0.57265625 0.44895833333333335 0.16718750000000002 0.22291666666666665
1 0.89765625 0.6447916666666667 0.18281250000000002 0.22291666666666665
1 0.90234375 0.32395833333333335 0.18281250000000002 0.22291666666666665
1 0.47421875 0.9239583333333333 0.1859375 0.15208333333333332
1 0.30000000000000004 0.5208333333333334 0.19375 0.17916666666666667
1 0.17421875 0.253125 0.1921875 0.21875
1 0.7046875 0.534375 0.1375 0.17291666666666666
1 0.8125 0.06979166666666667 0.1375 0.13541666666666666
1 0.6421875 0.86875 0.15000000000000002 0.2625
2 0.7976562500000001 0.17083333333333334 0.0765625 0.08333333333333333
0 0.4734375 0.19479166666666667 0.34375 0.3854166666666667
