1 0.29921875000000003 0.63125 0.1796875 0.23333333333333334
1 0.64609375 0.24583333333333332 0.1796875 0.23333333333333334
1 0.7210937500000001 0.7145833333333333 0.1796875 0.23333333333333334
1 0.5632812500000001 0.4927083333333333 0.11406250000000001 0.24375
1 0.3203125 0.3927083333333333 0.19375 0.23958333333333334
1 0.51484375 0.8708333333333333 0.16718750000000002 0.225
1 0.325 0.8375 0.2 0.20416666666666666
1 0.8679687500000001 0.55625 0.1796875 0.23333333333333334
1 0.8328125000000001 0.8927083333333333 0.15625 0.21458333333333332
1 0.5984375000000001 0.07708333333333334 0.18125000000000002 0.15
1 0.49140625000000004 0.4895833333333333 0.1796875 0.22916666666666666
1 0.19843750000000002 0.828125 0.19062500000000002 0.20208333333333334
0 0.37578125 0.16666666666666666 0.33906250000000004 0.32916666666666666
