1 0.3515625 0.49166666666666664 0.171875 0.2125
1 0.7140625 0.5541666666666667 0.171875 0.2125
1 0.86875 0.7375 0.171875 0.2125
1 0.8546875 0.2375 0.171875 0.2125
1 0.08750000000000001 0.17395833333333333 0.171875 0.21875
1 0.32656250000000003 0.7260416666666667 0.19062500000000002 0.21458333333333332
1 0.50625 0.26979166666666665 0.19062500000000002 0.21458333333333332
1 0.74609375 0.3958333333333333 0.1609375 0.17916666666666667
1 0.29921875000000003 0.090625 0.1609375 0.17708333333333334
2 0.13828125 0.3458333333333333 0.0703125 0.09166666666666666
0 0.58125 0.8041666666666667 0.35000000000000003 0.39166666666666666
