1 0.49062500000000003 0.4125 0.1625 0.19583333333333333
1 0.3453125 0.14583333333333334 0.1625 0.19583333333333333
1 0.84375 0.44375 0.1375 0.14583333333333334
1 0.9164062500000001 0.7020833333333333 0.16718750000000002 0.21666666666666667
1 0.21640625000000002 0.8416666666666667 0.1703125 0.15833333333333333
1 0.08515625 0.2604166666666667 0.1390625 0.24583333333333332
1 0.6640625 0.43645833333333334 0.1875 0.24375
1 0.54921875 0.6604166666666667 0.1640625 0.21666666666666667
1 0.9476562500000001 0.07395833333333333 0.1046875 0.14375
1 0.6640625 0.9052083333333333 0.15000000000000002 0.17291666666666666
1 0.08828125 0.7645833333333333 0.1421875 0.17916666666666667
0 0.2328125 0.5864583333333333 0.27187500000000003 0.3229166666666667
0 0.42578125 0.9239583333333333 0.0484375 0.05625
