1 0.40234375 0.5677083333333334 0.1765625 0.20625
1 0.0703125 0.634375 0.1375 0.21875
1 0.38671875 0.809375 0.1390625 0.21875
1 0.8835937500000001 0.7447916666666666 0.18281250000000002 0.26875
1 0.8132812500000001 0.26145833333333335 0.1765625 0.20625
1 0.11484375000000001 0.21041666666666667 0.2109375 0.2833333333333333
1 0.22968750000000002 0.5770833333333333 0.12812500000000002 0.2
1 0.37890625 0.38229166666666664 0.1453125 0.15625
0 0.42890625000000004 0.14166666666666666 0.19843750000000002 0.26666666666666666
2 0.54921875 0.9604166666666667 0.0671875 0.07916666666666666
