1 0.3015625 0.3208333333333333 0.15625 0.24583333333333332
1 0.34218750000000003 0.51875 0.14375000000000002 0.22916666666666666
1 0.18515625000000002 0.12916666666666665 0.1484375 0.2125
1 0.74765625 0.17291666666666666 0.1484375 0.2125
1 0.83984375 0.17291666666666666 0.1484375 0.2125
1 0.76171875 0.40625 0.1484375 0.2125
1 0.89765625 0.44166666666666665 0.1484375 0.2125
1 0.7351562500000001 0.625 0.16718750000000002 0.225
1 0.6742187500000001 0.7416666666666667 0.16718750000000002 0.225
1 0.14296875 0.5375 0.1421875 0.2125
1 0.17109375000000002 0.8604166666666666 0.17343750000000002 0.22083333333333333
1 0.8796875000000001 0.7770833333333333 0.15937500000000002 0.19166666666666665
0 0.496875 0.271875 0.30312500000000003 0.39375
2 0.57265625 0.69375 0.0484375 0.06666666666666667
2 0.08515625 0.384375 0.0546875 0.07708333333333334
