1 0.60078125 0.11979166666666667 0.1703125 0.17708333333333334
1 0.44765625000000003 0.15729166666666666 0.15781250000000002 0.23124999999999998
1 0.565625 0.58125 0.134375 0.2
1 0.8445312500000001 0.425 0.16718750000000002 0.25416666666666665
1 0.5046875000000001 0.9239583333333333 0.134375 0.15208333333333332
1 0.39687500000000003 0.9239583333333333 0.134375 0.15208333333333332
1 0.93359375 0.7489583333333333 0.1328125 0.23124999999999998
1 0.7515625 0.6989583333333333 0.184375 0.21875
1 0.20546875 0.08958333333333333 0.1703125 0.175
1 0.1265625 0.121875 0.140625 0.19375
0 0.33437500000000003 0.4083333333333333 0.19062500000000002 0.2583333333333333
2 0.96484375 0.26145833333333335 0.051562500000000004 0.08541666666666667
2 0.9828125000000001 0.36354166666666665 0.034375 0.08541666666666667
2 0.8617187500000001 0.8364583333333333 0.051562500000000004 0.08541666666666667
