1 0.25078125 0.7197916666666666 0.1703125 0.26458333333333334
1 0.71875 0.428125 0.18125000000000002 0.22291666666666665
1 0.7937500000000001 0.25625 0.14375000000000002 0.22916666666666666
1 0.5945312500000001 0.3 0.1796875 0.2375
1 0.8914062500000001 0.6895833333333333 0.1453125 0.23333333333333334
1 0.1046875 0.7458333333333333 0.134375 0.21666666666666667
1 0.26015625000000003 0.3385416666666667 0.1609375 0.21458333333333332
1 0.1546875 0.5145833333333333 0.20625000000000002 0.19166666666666665
1 0.43984375000000003 0.06770833333333333 0.17343750000000002 0.13125
1 0.6703125000000001 0.840625 0.209375 0.24791666666666667
2 0.38515625000000003 0.44479166666666664 0.0671875 0.08125
2 0.82734375 0.9322916666666666 0.060937500000000006 0.07291666666666667
0 0.43359375 0.7010416666666667 0.2671875 0.33541666666666664
