1 0.6109375 0.6322916666666667 0.215625 0.22291666666666665
1 0.09375 0.6 0.184375 0.225
1 0.13125 0.33958333333333335 0.18125000000000002 0.2375
1 0.0921875 0.09791666666666667 0.171875 0.19166666666666665
1 0.32656250000000003 0.31354166666666666 0.171875 0.19375
1 0.28828125 0.521875 0.1640625 0.19375
1 0.48750000000000004 0.4197916666666667 0.1375 0.26875
1 0.5140625 0.8895833333333333 0.1625 0.20833333333333334
1 0.21953125 0.8239583333333333 0.1953125 0.22708333333333333
1 0.91953125 0.5385416666666667 0.1609375 0.23541666666666666
1 0.91953125 0.31666666666666665 0.1609375 0.23333333333333334
1 0.74140625 0.7645833333333333 0.1609375 0.23333333333333334
1 0.42109375000000004 0.66875 0.1609375 0.23333333333333334
1 0.878125 0.06354166666666666 0.19375 0.12291666666666666
0 0.39921875 0.13229166666666667 0.35468750000000004 0.2604166666666667
