1 0.31796875 0.4010416666666667 0.1453125 0.21875
1 0.0734375 0.5447916666666667 0.14375000000000002 0.21875
1 0.18828125 0.74375 0.1484375 0.24166666666666667
1 0.6351562500000001 0.8333333333333334 0.1484375 0.2
1 0.665625 0.3958333333333333 0.146875 0.2375
1 0.5125000000000001 0.365625 0.15000000000000002 0.22291666666666665
1 0.6234375000000001 0.5895833333333333 0.15937500000000002 0.225
1 0.7296875 0.6 0.15937500000000002 0.225
1 0.7781250000000001 0.8729166666666667 0.15937500000000002 0.225
1 0.571875 0.06770833333333333 0.15625 0.13125
1 0.12421875 0.23333333333333334 0.16718750000000002 0.225
1 0.73984375 0.08541666666666667 0.15781250000000002 0.16666666666666666
1 0.8578125000000001 0.06979166666666667 0.15937500000000002 0.13541666666666666
0 0.38046875 0.6916666666666667 0.2921875 0.39166666666666666
