1 0.49140625000000004 0.13958333333333334 0.18281250000000002 0.2125
1 0.7171875000000001 0.18020833333333333 0.146875 0.20625
1 0.25234375000000003 0.11354166666666667 0.1453125 0.18541666666666667
1 0.89609375 0.44687499999999997 0.18281250000000002 0.29375
1 0.66953125 0.6052083333333333 0.17343750000000002 0.22291666666666665
1 0.87109375 0.20520833333333333 0.17343750000000002 0.22291666666666665
1 0.14765625000000002 0.30416666666666664 0.1546875 0.21666666666666667
1 0.8132812500000001 0.7677083333333333 0.17343750000000002 0.22291666666666665
1 0.33828125000000003 0.740625 0.17343750000000002 0.22291666666666665
1 0.58984375 0.8010416666666667 0.17343750000000002 0.22291666666666665
1 0.2734375 0.9083333333333333 0.19062500000000002 0.18333333333333332
1 0.84765625 0.93125 0.18906250000000002 0.1375
0 0.45078125 0.459375 0.3359375 0.4395833333333333
2 0.7859375000000001 0.4791666666666667 0.07187500000000001 0.09166666666666666
