1 0.3015625 0.8145833333333333 0.153125 0.1875
1 0.06484375 0.24166666666666667 0.1265625 0.18333333333333332
1 0.2421875 0.06875 0.15000000000000002 0.13333333333333333
1 0.39921875 0.090625 0.17343750000000002 0.17708333333333334
1 0.19765625 0.25 0.17343750000000002 0.17916666666666667
1 0.1265625 0.6333333333333333 0.14375000000000002 0.21666666666666667
1 0.17265625 0.709375 0.11093750000000001 0.18958333333333333
1 0.1234375 0.840625 0.15625 0.22291666666666665
1 0.40468750000000003 0.3364583333333333 0.15625 0.22291666666666665
1 0.8109375000000001 0.36666666666666664 0.13125 0.175
0 0.5296875 0.6375 0.309375 0.3625
