1 0.08359375000000001 0.7583333333333333 0.1640625 0.24583333333333332
1 0.38593750000000004 0.24479166666666666 0.15625 0.18958333333333333
1 0.5328125 0.85625 0.16562500000000002 0.24583333333333332
1 0.82734375 0.615625 0.1953125 0.2520833333333333
1 0.7703125000000001 0.9052083333333333 0.15625 0.18541666666666667
1 0.76875 0.17916666666666667 0.153125 0.225
1 0.915625 0.171875 0.16875 0.2604166666666667
1 0.8 0.4145833333333333 0.19687500000000002 0.20416666666666666
1 0.5984375000000001 0.103125 0.19687500000000002 0.20208333333333334
1 0.6046875 0.29583333333333334 0.19687500000000002 0.20416666666666666
1 0.6125 0.5083333333333333 0.19687500000000002 0.20416666666666666
1 0.278125 0.7416666666666667 0.19687500000000002 0.20416666666666666
1 0.33437500000000003 0.921875 0.1875 0.15625
1 0.096875 0.328125 0.19062500000000002 0.23124999999999998
0 0.4140625 0.5666666666666667 0.35000000000000003 0.4708333333333333
