1 0.14765625000000002 0.44375 0.13593750000000002 0.225
1 0.4234375 0.6833333333333333 0.19062500000000002 0.225
1 0.875 0.49374999999999997 0.140625 0.2125
1 0.7429687500000001 0.44375 0.1640625 0.21666666666666667
1 0.65546875 0.8927083333333333 0.18906250000000002 0.21458333333333332
1 0.49375 0.9260416666666667 0.19375 0.14791666666666667
1 0.29921875000000003 0.9260416666666667 0.1421875 0.14791666666666667
1 0.16953125000000002 0.9416666666666667 0.1234375 0.11666666666666667
1 0.25390625 0.271875 0.1484375 0.17291666666666666
1 0.41250000000000003 0.0875 0.171875 0.17083333333333334
1 0.23828125 0.07395833333333333 0.1609375 0.14375
1 0.6351562500000001 0.07395833333333333 0.1609375 0.14375
1 0.8421875000000001 0.8458333333333333 0.12812500000000002 0.20416666666666666
1 0.6734375 0.6916666666666667 0.146875 0.19166666666666665
1 0.82421875 0.2760416666666667 0.1609375 0.20208333333333334
0 0.46875 0.3614583333333333 0.28125 0.39375
2 0.09531250000000001 0.6427083333333333 0.109375 0.13125
