1 0.5242187500000001 0.8822916666666667 0.15781250000000002 0.23541666666666666
1 0.6859375000000001 0.8468749999999999 0.16562500000000002 0.19375
1 0.54296875 0.24375 0.1703125 0.20833333333333334
1 0.70234375 0.16041666666666665 0.1796875 0.25
1 0.5515625000000001 0.65625 0.178125 0.19583333333333333
1 0.40937500000000004 0.09375 0.184375 0.18333333333333332
1 0.6046875 0.48020833333333335 0.13125 0.21875
1 0.9164062500000001 0.11145833333333333 0.1609375 0.21875
1 0.7296875 0.41562499999999997 0.1625 0.22291666666666665
1 0.76171875 0.6385416666666667 0.1609375 0.20208333333333334
1 0.2671875 0.21979166666666666 0.15937500000000002 0.22291666666666665
1 0.8835937500000001 0.384375 0.1484375 0.21041666666666667
1 0.8835937500000001 0.828125 0.1796875 0.17708333333333334
1 0.0671875 0.31354166666666666 0.13125 0.22708333333333333
0 0.1921875 0.6947916666666667 0.3125 0.44375
2 0.53046875 0.4791666666666667 0.0546875 0.0875
