1 0.584375 0.13645833333333332 0.18125000000000002 0.18958333333333333
1 0.1484375 0.2989583333333333 0.19062500000000002 0.21041666666666667
1 0.14609375 0.5197916666666667 0.16718750000000002 0.19375
1 0.259375 0.5197916666666667 0.18125000000000002 0.26458333333333334
1 0.40703125 0.5604166666666667 0.08281250000000001 0.2791666666666667
1 0.45625000000000004 0.6708333333333333 0.15625 0.22083333333333333
1 0.15234375 0.8395833333333333 0.1640625 0.225
1 0.60546875 0.35 0.2328125 0.19166666666666665
1 0.8757812500000001 0.409375 0.1640625 0.2520833333333333
1 0.40078125000000003 0.921875 0.19843750000000002 0.15625
1 0.296875 0.78125 0.134375 0.2375
1 0.2765625 0.13645833333333332 0.18125000000000002 0.21875
0 0.7234375000000001 0.6385416666666667 0.5281250000000001 0.5229166666666667
