1 0.10859375 0.4947916666666667 0.15156250000000002 0.21041666666666667
1 0.37890625 0.2947916666666667 0.15156250000000002 0.21041666666666667
1 0.9242187500000001 0.584375 0.15156250000000002 0.21041666666666667
1 0.76484375 0.3885416666666667 0.18281250000000002 0.21875
1 0.40078125000000003 0.525 0.1453125 0.20416666666666666
1 0.253125 0.08541666666666667 0.1375 0.16666666666666666
1 0.3328125 0.8572916666666667 0.1375 0.16875
1 0.15703125 0.265625 0.1953125 0.20625
1 0.6765625000000001 0.22604166666666667 0.15625 0.19791666666666666
0 0.67109375 0.7416666666666667 0.19843750000000002 0.25416666666666665
