1 0.42031250000000003 0.6854166666666667 0.20625000000000002 0.2625
1 0.8109375000000001 0.6166666666666667 0.13125 0.17916666666666667
1 0.6687500000000001 0.6979166666666666 0.16562500000000002 0.1875
1 0.6875 0.4 0.15000000000000002 0.16666666666666666
1 0.51875 0.46249999999999997 0.171875 0.18333333333333332
1 0.35781250000000003 0.2552083333333333 0.14375000000000002 0.19375
1 0.184375 0.21562499999999998 0.16875 0.23124999999999998
1 0.5390625 0.14583333333333334 0.184375 0.2125
1 0.79453125 0.21875 0.1765625 0.225
1 0.2 0.6770833333333334 0.15625 0.19166666666666665
1 0.146875 0.465625 0.16875 0.23958333333333334
1 0.56171875 0.8760416666666666 0.1703125 0.22291666666666665
0 0.8132812500000001 0.834375 0.37031250000000004 0.33125
